0 
0 
0 
0 
0 
0 
0 
0 
0 
0 
0 
0 
0 
0 
0 
0 
0 
0 
0 
0 
0 
0 
0 
0 
0 
0 
0 
0 
0 
0 
0 
0 
0 
0 
0 
0 
0 
0 
0 
0 
0 
0 
0 
0 
0 
0 
0 
0 
0 
0 
0 
0 
0 
0 
0 
0 
0 
0 
0 
0 
0 
0 
2 
3 
4 
5 
0 
0 
0 
0 
0 
0 
0 
0 
0 
0 
0 
0 
0 
0 
0 
0 
0 
0 
0 
0 
0 
0 
0 
0 
0 
0 
0 
0 
0 
0 
0 
0 
0 
0 
0 
0 
0 
0 
0 
0 
0 
0 
0 
0 
0 
0 
0 
0 
0 
0 
0 
0 
0 
0 
0 
0 
0 
0 
0 
0 
-971 
-2038 
-1928 
-1515 
-242 
-1336 
-107 
309 
-1550 
-129 
1786 
1314 
-1626 
1954 
-361 
-229 
-1123 
-1054 
401 
999 
-1276 
-332 
32 
1604 
-661 
-674 
-1630 
939 
-990 
397 
1282 
1262 
-948 
1373 
448 
1227 
-410 
-1836 
1205 
1822 
1289 
1358 
-1195 
-189 
1160 
-615 
184 
811 
-1069 
-1595 
1420 
-1325 
-1356 
1584 
1748 
-2028 
-1530 
-638 
579 
2017 
281 
-57 
0 
0 
0 
0 
0 
0 
0 
0 
0 
0 
0 
0 
0 
0 
0 
0 
0 
0 
0 
0 
0 
0 
0 
0 
0 
0 
0 
0 
0 
0 
0 
0 
0 
0 
0 
0 
0 
0 
0 
0 
0 
0 
0 
0 
0 
0 
0 
0 
0 
0 
0 
0 
0 
0 
0 
0 
0 
0 
0 
0 
0 
0 
