0 
0 
0 
0 
0 
0 
0 
0 
0 
0 
0 
0 
0 
0 
0 
0 
0 
0 
0 
0 
0 
0 
0 
0 
0 
0 
0 
0 
0 
0 
0 
0 
0 
0 
0 
0 
0 
0 
0 
0 
0 
0 
0 
0 
0 
0 
0 
0 
0 
0 
0 
0 
0 
0 
0 
0 
0 
0 
0 
0 
0 
0 
2 
3 
4 
5 
0 
0 
0 
0 
0 
0 
0 
0 
0 
0 
0 
0 
0 
0 
0 
0 
0 
0 
0 
0 
0 
0 
0 
0 
0 
0 
0 
0 
0 
0 
0 
0 
0 
0 
0 
0 
0 
0 
0 
0 
0 
0 
0 
0 
0 
0 
0 
0 
0 
0 
0 
0 
0 
0 
0 
0 
0 
0 
0 
0 
586 
-1769 
347 
-1784 
-1858 
-228 
-572 
-685 
-527 
-1448 
2022 
-116 
-948 
979 
1732 
971 
1738 
-929 
-316 
639 
923 
-1555 
1502 
-377 
1476 
-1702 
1452 
795 
1753 
-111 
1997 
-906 
-637 
802 
1162 
-951 
1257 
174 
485 
-442 
1539 
-137 
-76 
-995 
-3 
-1997 
98 
-1314 
-1439 
-1026 
-1479 
176 
1200 
-652 
-1388 
966 
2034 
1201 
-1774 
-992 
-624 
127 
0 
0 
0 
0 
0 
0 
0 
0 
0 
0 
0 
0 
0 
0 
0 
0 
0 
0 
0 
0 
0 
0 
0 
0 
0 
0 
0 
0 
0 
0 
0 
0 
0 
0 
0 
0 
0 
0 
0 
0 
0 
0 
0 
0 
0 
0 
0 
0 
0 
0 
0 
0 
0 
0 
0 
0 
0 
0 
0 
0 
0 
0 
