0c00
0e00
0700
0c00
0400
0500
1000
0e00
0a00
0700
0600
0300
0400
0500
0000
0000
0000
0000
0000
0000
1100
1200
0a00
0700
0100
0800
0f00
0f00
1200
0800
0500
0100
0300
0000
0000
0000
0000
0000
0000
0000
1200
0d00
0300
0600
0400
0700
0b00
0900
1100
0700
0900
0200
0200
0000
0000
0000
0000
0000
0000
0000
0d00
0600
0400
0800
0700
0600
1000
1000
1400
0700
0400
0400
0200
0100
0000
0000
0000
0000
0000
0000
1600
0a00
0500
0900
0400
0800
0d00
0b00
0a00
0b00
0800
0200
0200
0100
0000
0000
0000
0000
0000
0000
1300
0b00
0700
0700
0500
0700
1100
0800
0800
0300
0700
0300
0100
0100
0000
0000
0000
0000
0000
0000
1600
0b00
0700
0300
0300
0200
0c00
0e00
0600
0800
0600
0200
0100
0100
0000
0000
0000
0000
0000
0000
1300
0a00
0600
0400
0600
0600
0700
0600
0800
0500
0400
0300
0100
0000
0000
0000
0000
0000
0000
0000
0a00
0800
0500
0400
0400
0300
0900
0700
0900
0200
0200
0100
0100
0000
0000
0000
0000
0000
0000
0000
0f00
0700
0400
0600
0600
0300
0a00
0600
0400
0500
0400
0000
0000
0000
0000
0000
0000
0000
0000
0000
0e00
1400
1a00
1400
0e00
0900
3000
2600
3700
4300
1f00
0e00
0600
1200
0f00
0300
0200
0400
0100
0000
0d00
0d00
1e00
2000
1700
1100
2d00
2800
3300
6100
2a00
1600
0d00
1c00
1a00
0600
0400
0800
0300
0200
0f00
1b00
1b00
1b00
1b00
1200
4a00
3300
3800
3100
2100
1a00
1400
2200
1d00
0900
0300
0900
0300
0200
0c00
2400
2000
1200
0c00
1400
4400
3a00
2f00
4d00
2a00
1a00
1200
1c00
1b00
0600
0400
0600
0200
0100
0800
0c00
1700
1300
1c00
1c00
2400
1c00
3500
4c00
1300
1300
0d00
2500
1f00
0800
0400
0900
0400
0100
0e00
2400
1c00
0f00
1100
0e00
1d00
3600
3400
3d00
2600
1700
0e00
2100
1b00
0b00
0400
0600
0300
0200
0b00
1f00
2200
1200
1200
1100
2e00
3e00
4a00
4200
2200
1000
0900
1c00
2000
0b00
0500
0900
0300
0200
1700
1b00
1700
0f00
0800
1200
2a00
3200
3a00
3700
1c00
1600
1200
1d00
2000
0a00
0300
0700
0300
0100
1000
0d00
2500
1a00
1a00
1a00
2d00
3e00
3400
4e00
2a00
1300
1400
1f00
1e00
0900
0500
0700
0300
0100
0f00
1500
2400
2000
2000
2700
5900
4700
3400
3000
2500
0e00
0f00
1c00
1f00
0900
0400
0900
0300
0100
0a00
0e00
0c00
1d00
0f00
1200
5000
3f00
3700
4200
2000
1000
0f00
1c00
1a00
0700
0400
0700
0200
0100
1000
0d00
1700
1c00
1900
1900
4800
3700
4700
5200
2b00
1300
1200
2100
1a00
0600
0300
0700
0200
0000
0a00
1a00
1700
1000
1800
1700
4c00
4500
3e00
3e00
3200
1b00
0f00
2100
1f00
0600
0400
0800
0300
0200
0a00
0e00
1100
2200
1800
1500
5900
3e00
2d00
5e00
1a00
0b00
0e00
2b00
2a00
0b00
0300
0600
0300
0200
0d00
1800
1c00
1d00
0f00
1000
3a00
4500
3d00
7700
2f00
1600
0f00
2c00
2900
0900
0500
0800
0300
0200
0900
1600
1900
1a00
1500
1200
1e00
3200
3100
6600
3500
1c00
1500
2d00
2900
0e00
0500
0a00
0300
0200
0a00
0e00
0d00
1900
1000
0a00
2800
3700
4800
7800
2900
1c00
1200
3500
2700
0900
0300
0800
0200
0100
0a00
1300
1b00
1400
1400
0d00
2300
2e00
3500
5700
1d00
2000
1600
2e00
2900
0800
0500
0600
0100
0300
0a00
1a00
2300
2600
1900
1300
4000
3000
2a00
6700
4900
1a00
1300
3500
2b00
0a00
0500
0800
0300
0300
0c00
1000
1d00
1800
1500
0e00
1c00
2900
4100
8400
2200
1f00
1600
3500
3000
0600
0300
0700
0200
0300
1100
1500
1600
2100
1700
1100
2e00
2e00
5100
5e00
1f00
1c00
1600
3300
2a00
0b00
0400
0600
0300
0300
0b00
0e00
1200
1c00
2100
1600
2d00
2e00
4700
6300
2f00
2200
1300
3700
3400
0f00
0400
0800
0300
0200
0600
1500
1800
2300
2200
1200
3400
3c00
4000
7800
3500
1200
1500
2900
2c00
0a00
0300
0800
0300
0300
0d00
1800
2100
1100
1b00
1700
3000
3400
2800
5300
3300
1d00
1900
3000
3000
0c00
0600
0800
0300
0200
0b00
1300
1100
2500
2200
2000
2f00
3500
2f00
6600
3b00
1c00
1b00
4500
3500
0e00
0500
0900
0200
0200
1500
1800
0f00
2b00
2000
0f00
3100
2a00
4700
8600
2d00
2600
1a00
3f00
3900
0e00
0500
0800
0200
0200
1900
1200
2900
1e00
1100
1100
4700
2e00
4a00
4400
2600
1c00
1300
3b00
4700
0d00
0300
0500
0200
0100
0d00
1f00
1700
1000
0f00
2300
3f00
3100
5400
6800
2c00
1500
2600
4900
3300
0c00
0500
0800
0400
0300
0c00
2300
1e00
1900
2200
2100
5700
2800
5e00
bb00
2000
1e00
2c00
3f00
3000
0800
0300
0500
0200
0200
1700
1c00
1b00
1800
1900
1d00
4900
3400
4800
4400
2200
1a00
1b00
3b00
3700
0e00
0500
0700
0200
0300
0c00
1000
1300
0f00
1f00
1d00
4d00
4300
5c00
7400
2d00
2700
1b00
4200
2c00
0a00
0300
0600
0200
0200
0a00
1600
1500
1c00
1b00
1d00
7100
3300
4d00
9100
2900
2200
1700
3800
2e00
0f00
0500
0700
0200
0200
0d00
1900
1900
1600
1100
1000
3800
2d00
3600
7e00
2400
1700
0f00
2900
2300
0900
0400
0600
0200
0100
0800
1800
1f00
1600
1100
1100
3f00
4600
5300
5600
2b00
1800
1a00
3100
2c00
0b00
0400
0400
0100
0100
1600
1700
1c00
2600
1400
1f00
6a00
3c00
2800
6c00
2f00
1600
1400
2900
2900
0a00
0200
0400
0000
0100
0f00
1500
2100
1300
0a00
0e00
4400
2f00
2300
5d00
3400
1100
1500
2e00
2900
0b00
0100
0200
0100
0100
0400
0b00
2800
2500
1800
1600
3d00
3900
3700
4900
3200
2500
1600
3300
2800
0700
0200
0300
0100
0100
0c00
1000
2800
2c00
1f00
2900
5300
3800
4500
8d00
2800
1f00
1600
2600
1d00
0800
0200
0200
0100
0100
0a00
1200
1b00
1600
1b00
1100
3100
2a00
6600
4a00
3000
2600
1500
3100
2400
0800
0200
0300
0100
0100
0b00
1300
1f00
1300
1800
1100
5e00
4f00
5e00
5000
2c00
2600
1700
2900
1a00
0600
0300
0400
0100
0000
1100
1800
1a00
1e00
1400
1700
3300
3e00
5400
5e00
2800
1f00
0e00
1a00
1100
0500
0200
0300
0000
0000
1900
1500
1300
1b00
1700
1800
3700
2e00
2300
2300
1f00
1b00
1100
1d00
1f00
0600
0100
0300
0200
0000
1900
1800
1200
1400
1900
1d00
4800
4600
6700
5600
3000
1a00
1100
1600
1600
0400
0100
0400
0100
0100
1100
1c00
2000
1700
1900
0e00
5700
2e00
2f00
6a00
2100
1c00
0b00
1300
1100
0500
0200
0300
0000
0100
1c00
1700
1d00
2700
1a00
1100
4400
3700
4a00
5100
2100
1800
0c00
1100
1900
0800
0200
0400
0100
0000
1100
2800
2200
1600
0e00
0c00
4300
3300
4000
7500
2c00
1300
1000
1200
1200
0400
0100
0300
0000
0000
2200
3200
2900
1c00
1b00
1800
3900
2e00
5000
5700
2300
1000
0b00
1000
0f00
0600
0100
0300
0100
0100
1800
1a00
1c00
1700
1300
1400
2800
2700
2800
6200
1d00
0e00
0900
0f00
0c00
0600
0100
0300
0100
0100
2900
2200
2900
1300
0f00
0e00
1b00
2c00
3b00
4f00
2700
1b00
0b00
1000
1300
0700
0100
0200
0100
0100
2b00
1e00
1900
1200
1100
0f00
2500
2f00
3100
5700
1d00
1700
1400
1700
0d00
0300
0100
0300
0000
0000
3f00
2000
1600
1f00
1a00
0e00
2500
2700
2a00
5a00
1b00
0c00
0f00
1600
1c00
0700
0100
0300
0000
0100
2b00
1c00
1900
0f00
1400
1000
3c00
2000
3900
5500
1e00
0b00
0c00
1200
1500
0600
0200
0600
0200
0100
3d00
2e00
3500
2700
1300
1000
2800
2300
3500
5200
2100
0b00
0b00
1300
0f00
0400
0100
0400
0100
0100
1400
1400
0f00
1600
1200
1600
3b00
3800
4a00
4600
1300
0b00
0600
1000
1700
0600
0200
0400
0100
0000
2100
1e00
2800
1d00
1800
0f00
3500
3400
4c00
5d00
1800
0b00
0c00
1800
1900
0500
0100
0300
0100
0100
2300
1200
1b00
1800
1a00
1400
6200
3200
3800
5600
1e00
1300
0600
1600
1700
0700
0200
0400
0100
0100
2300
1700
2000
1900
1300
0f00
2d00
2300
3900
5000
1400
1000
0900
1700
1600
0500
0200
0500
0100
0000
2000
1900
1b00
1100
1100
1600
2700
2300
4000
4d00
1d00
1300
0d00
1500
1400
0500
0200
0400
0100
0000
1800
1400
2000
1100
1200
0b00
2800
2600
4b00
3200
1b00
0f00
0700
1000
0f00
0600
0100
0400
0100
0000
5600
1d00
1300
0b00
1200
1000
1f00
2000
2a00
4000
2200
1100
0700
1100
1600
0500
0100
0400
0100
0000
4100
2000
2600
0f00
0b00
1000
1800
1e00
4500
3f00
1a00
0e00
0d00
1400
1900
0800
0300
0400
0100
0100
1200
1100
1e00
1600
1800
1200
2900
1400
3200
3000
1d00
0d00
0a00
1100
1700
0600
0200
0400
0000
0000
1500
1200
1800
1a00
1c00
1500
3200
2300
3900
5100
2200
1200
0a00
1300
1b00
0500
0100
0400
0100
0100
0b00
0e00
1600
1600
1700
0b00
2900
1b00
4300
4f00
2300
1300
0e00
1900
1500
0500
0100
0400
0100
0000
0a00
1400
1300
0d00
0f00
0f00
2000
2700
2f00
6000
2200
1300
0a00
1800
1e00
0700
0100
0400
0100
0000
0d00
1600
1800
1500
1800
1300
2900
2700
3000
4800
2500
1700
0d00
1600
1d00
0600
0200
0400
0100
0000
0b00
1400
1800
1500
1400
1500
3a00
3400
2d00
4500
1500
0b00
0b00
1500
1b00
0500
0200
0300
0100
0100
0900
1400
1800
1700
2100
1600
1e00
1f00
1b00
4f00
1f00
0e00
0900
1800
1b00
0600
0100
0200
0100
0100
1300
1700
2400
1f00
1200
1400
2e00
4100
3600
4500
2400
0f00
0b00
1900
1d00
0600
0100
0300
0000
0000
0a00
1300
1700
1700
1100
0b00
2b00
2000
2b00
4600
1c00
1200
0e00
1700
1f00
0600
0100
0200
0100
0100
0f00
1f00
2000
3f00
2800
1300
2400
1c00
3000
2e00
1700
0b00
1300
1b00
1d00
0700
0100
0400
0100
0100
0b00
2600
3100
2500
1c00
1400
3a00
2c00
3600
2d00
1e00
0d00
1100
2000
1c00
0600
0200
0400
0100
0100
0b00
1c00
1e00
1500
1500
0f00
1700
2700
3a00
3d00
2100
0f00
1000
2200
1800
0600
0300
0500
0100
0100
0900
1f00
2500
1900
1300
1b00
0c00
1800
2a00
4600
1f00
1300
0a00
1c00
1800
0800
0200
0400
0100
0100
0900
2900
2b00
1900
1200
1400
2f00
3600
5300
3900
1e00
1100
0d00
1000
1300
0b00
0400
0600
0200
0200
0700
2000
1900
1e00
2900
1900
2600
2600
2e00
6200
0c00
1000
1400
1000
0d00
0500
0100
0300
0000
0100
0c00
1f00
2600
1200
1a00
1200
2500
3000
2800
4e00
1100
0d00
1300
1500
1500
0600
0200
0400
0000
0100
0800
2000
2500
1b00
1b00
0e00
1400
2400
3a00
4000
2000
0e00
1500
1f00
2100
0600
0200
0500
0100
0100
0b00
1f00
2500
1b00
1f00
1a00
2c00
2000
1f00
4700
1700
1000
1600
2300
1b00
0600
0300
0400
0100
0000
0400
0f00
1b00
1500
1900
1200
2200
1b00
2e00
5000
1800
0d00
1200
1900
2000
0800
0100
0200
0100
0000
0900
1900
2000
1100
1a00
1900
2a00
2100
3900
4900
1f00
0f00
0f00
1300
1a00
0a00
0100
0400
0200
0100
0900
1200
1800
1900
1900
1700
3f00
3100
2400
3000
1400
0e00
0b00
1800
1c00
0800
0300
0300
0100
0100
0500
1000
1e00
1d00
1600
1400
3200
2c00
3a00
4800
1700
1200
0f00
1d00
1a00
0700
0100
0400
0100
0100
0f00
2300
2400
0e00
1c00
1100
2600
2600
4600
2900
1000
0f00
0f00
2500
2200
0800
0100
0300
0100
0000
0c00
1c00
2900
1a00
1d00
1300
2200
2500
2800
3b00
1f00
1300
0c00
2400
1f00
0600
0200
0500
0200
0100
0900
2500
2b00
1c00
1b00
1a00
2000
1d00
2700
3700
1f00
1400
1200
2000
1d00
0800
0200
0400
0100
0000
0a00
1b00
2600
1800
1300
0c00
1c00
2d00
1c00
2100
1200
1200
1200
1b00
1700
0800
0300
0600
0200
0100
0b00
2700
2000
1700
1900
1100
1b00
1b00
2e00
3300
1c00
0d00
0c00
1d00
1600
0700
0200
0200
0100
0100
0b00
2a00
2800
1500
1500
1500
1f00
1900
0f00
2a00
1d00
1300
1200
2000
1600
0500
0300
0600
0100
0200
1200
1500
1f00
1700
1100
1200
2c00
2000
2c00
2d00
1300
1500
1100
1700
1700
0600
0200
0600
0200
0100
1000
2400
1d00
2100
1100
0a00
1b00
1500
2d00
4f00
1f00
0d00
0a00
1700
1800
0600
0200
0600
0200
0200
0700
2400
2700
2000
1900
1600
2900
3700
2e00
5000
2200
1500
0f00
1700
1900
0500
0200
0500
0200
0200
