1700
2900
2e00
0800
0700
1100
1100
0e00
2200
1b00
1c00
0b00
0300
0500
0700
0300
0100
0000
0000
0100
1700
2400
2600
0400
0700
0c00
1500
1800
1300
1300
1400
1000
0400
0400
0600
0300
0100
0100
0000
0000
1400
2400
1800
0500
0500
0500
1100
1500
2100
1600
1700
1300
0400
0600
0500
0500
0000
0100
0000
0000
1300
2100
2300
0e00
0600
0500
1300
1900
1800
1700
1200
0a00
0500
0600
0500
0400
0100
0100
0100
0100
1b00
1d00
1400
0a00
0500
0900
1b00
1800
1b00
1300
1500
0b00
0200
0800
0900
0400
0100
0100
0000
0200
1300
2d00
2100
0600
0600
0a00
1300
1700
1700
1a00
1700
1100
0400
0600
0600
0700
0200
0300
0000
0100
1500
2b00
2300
1200
0c00
1000
1900
1900
2300
1600
1400
0c00
0800
0a00
0a00
0500
0200
0100
0000
0100
1200
2d00
1d00
0700
0600
0a00
1800
1b00
2b00
1e00
1900
0d00
0700
0900
0600
0500
0100
0100
0000
0000
1700
2600
2f00
0a00
0600
0900
2300
1f00
1900
2c00
1900
0700
0600
0900
0900
0500
0300
0200
0000
0200
1200
2300
2400
0b00
0500
0d00
1a00
1700
2900
1a00
1200
0b00
0400
0500
0600
0700
0200
0200
0100
0100
1000
2d00
2500
0b00
0300
0600
1800
1800
3800
1e00
2100
0c00
0500
0b00
0b00
0500
0300
0300
0100
0000
1200
2b00
2600
0700
0500
0a00
1e00
2b00
2b00
2500
1c00
0a00
0400
0500
0700
0500
0200
0000
0000
0000
1300
2100
2600
0d00
0600
0b00
1b00
1a00
1f00
2600
1f00
1000
0500
0600
0700
0300
0200
0100
0000
0000
1400
2900
2000
0a00
0400
0e00
2600
1400
1900
1b00
1800
0f00
0800
0d00
0b00
0700
0300
0300
0000
0100
0c00
1700
2900
0c00
0800
0900
2700
1b00
1900
1600
0d00
0f00
0600
0700
0600
0400
0200
0000
0000
0000
0b00
2600
2600
0600
0300
0900
2400
1300
1200
1d00
1500
0c00
0200
0700
0700
0400
0100
0000
0000
0000
1100
3600
2200
0800
0500
0a00
0d00
1400
2000
1900
1600
0e00
0700
0900
0900
0600
0200
0100
0000
0000
0a00
2000
2600
0a00
0a00
0c00
1400
1b00
1f00
2a00
1a00
0b00
0400
0800
0500
0500
0200
0100
0000
0000
0e00
2200
2500
0e00
0700
0b00
2200
1100
2800
2600
1600
0d00
0500
0c00
0900
0400
0200
0200
0000
0100
1200
2800
2d00
0800
0e00
1100
2400
1a00
2300
1900
1500
0c00
0400
0900
0600
0400
0300
0300
0100
0000
0c00
3600
2200
0c00
0800
0d00
1900
2600
3000
2900
1500
0c00
0500
0800
0a00
0400
0300
0300
0100
0000
1100
3b00
1900
0900
0500
0600
1400
1d00
2900
2c00
1f00
0e00
0800
0700
0700
0400
0100
0100
0000
0000
0a00
2800
2300
0a00
0800
0700
0d00
1900
3900
2300
1900
0a00
0300
0400
0600
0300
0100
0100
0000
0000
0f00
2d00
2400
0700
0600
0b00
1c00
2500
2700
2100
1c00
0a00
0600
0800
0c00
0600
0100
0200
0000
0000
0e00
3100
2100
0a00
0900
0e00
1c00
2b00
2900
3200
2700
1100
0600
0c00
0900
0600
0300
0300
0000
0100
0e00
1a00
2100
0c00
0800
0600
1b00
1c00
1c00
2700
1c00
0e00
0600
0800
0400
0300
0100
0100
0000
0000
1300
3000
1f00
0800
0c00
0e00
1a00
2100
3800
3b00
2400
0e00
0400
0b00
0800
0400
0100
0100
0000
0000
1a00
3200
2c00
0b00
0600
1400
2800
2700
2400
2c00
1a00
1200
0500
0600
0700
0400
0100
0100
0000
0000
0e00
2900
1e00
0a00
0600
0c00
2500
2600
2100
1d00
1a00
1100
0500
0b00
0700
0400
0200
0100
0000
0100
1500
2a00
2100
0b00
0800
0d00
2b00
2600
3000
3400
1900
0b00
0400
0800
0a00
0500
0200
0200
0000
0000
0e00
3100
1f00
0f00
0600
1400
2600
2300
2000
1c00
1700
0e00
0400
0900
0d00
0600
0100
0200
0000
0100
0d00
2200
2700
0a00
0400
0b00
1500
2300
2600
1f00
1c00
0f00
0400
0b00
0a00
0800
0100
0100
0000
0100
0f00
3a00
2700
0700
0800
0600
1800
1900
2000
3000
2900
1300
0500
0c00
0a00
0500
0200
0200
0000
0100
0f00
2200
1e00
0500
0900
0600
1200
1500
1600
1600
1600
0c00
0600
0700
0500
0600
0300
0200
0000
0000
1300
3400
3000
0900
0600
0700
1000
1700
2500
2200
1900
0c00
0500
0400
0400
0700
0200
0100
0000
0000
0d00
3800
2900
0600
0800
0b00
2300
2c00
2700
3d00
2b00
1000
0600
0e00
0b00
0900
0300
0300
0000
0100
1400
3600
3300
0700
0700
0900
2c00
1b00
1b00
1a00
1900
0900
0600
1000
0800
0800
0200
0200
0000
0100
1200
3500
2800
0700
0900
0f00
2300
1c00
3700
3500
1500
0c00
0700
1000
0b00
0800
0300
0400
0100
0100
0b00
3700
3200
0700
0a00
1100
2000
1d00
2100
3d00
2100
1200
0400
0e00
0c00
0c00
0300
0300
0100
0100
1000
2100
1900
0a00
0a00
0d00
1400
1a00
1a00
2500
2600
0b00
0500
0b00
0700
0800
0300
0100
0000
0100
1500
2800
1f00
0900
0900
0a00
2400
2700
2100
2000
1f00
1100
0400
0b00
0800
0700
0400
0300
0100
0100
1100
3600
4300
0c00
0600
0900
2a00
1e00
1600
1b00
1800
0a00
0500
0900
0b00
0d00
0400
0200
0100
0200
1100
2800
3200
0d00
0700
1900
1900
1300
1100
2800
1d00
0b00
0600
0b00
0700
0900
0200
0200
0100
0000
1000
3100
2400
0500
0400
0a00
2300
2600
2200
2f00
2c00
0e00
0500
1100
0c00
0600
0300
0400
0200
0100
0b00
2a00
1b00
0900
0500
0e00
1300
1e00
2c00
1f00
2600
0d00
0400
1100
0a00
0700
0200
0100
0000
0100
1100
2700
1a00
0900
0b00
0a00
2700
2300
2100
2600
1a00
0800
0400
0e00
0700
0800
0200
0200
0100
0100
1800
3400
2800
0800
0700
0c00
2200
1a00
1500
2f00
1b00
1300
0400
0b00
0d00
0900
0200
0100
0200
0100
1300
2900
2a00
0800
0700
1400
1b00
1400
1d00
2000
1600
0a00
0600
0c00
0700
0500
0100
0100
0100
0100
1d00
3400
2200
0600
0400
1700
3200
2600
2400
2000
2c00
1300
0400
1200
0b00
0500
0100
0100
0000
0100
0e00
3900
2100
0800
0600
0b00
1300
1300
1100
1e00
1b00
0900
0600
1100
0b00
0700
0300
0400
0100
0200
0d00
1d00
2900
0b00
0800
0900
1600
1900
1700
1700
1900
0900
0400
0d00
0c00
0400
0300
0300
0100
0000
1800
2c00
1d00
0a00
0600
0b00
3100
2e00
2c00
4000
3000
0e00
0200
0b00
0a00
0600
0200
0200
0100
0100
1900
1e00
1b00
0c00
0500
0e00
2000
1b00
1e00
2000
1c00
0c00
0200
0f00
0a00
0600
0200
0200
0000
0100
1400
1a00
1d00
0700
0800
0c00
1c00
1600
2200
1b00
1700
0900
0200
0a00
0700
0300
0200
0100
0000
0100
0b00
2a00
1400
0c00
0700
0f00
3400
2500
1f00
2e00
2d00
1c00
0600
0d00
0800
0600
0200
0200
0000
0100
0f00
2e00
2500
0900
0600
0700
1500
1600
2400
1b00
2200
0d00
0700
0a00
0500
0500
0200
0200
0000
0000
0c00
1f00
1500
0400
0300
0700
1700
1900
2000
1c00
1a00
0d00
0400
0700
0300
0500
0000
0200
0100
0000
0d00
3d00
2b00
0800
0600
0b00
1c00
1e00
2500
2400
1d00
1200
0300
1000
0900
0500
0100
0100
0000
0000
0c00
2000
1c00
0700
0600
1300
2e00
1c00
1500
1200
1600
0d00
0700
0e00
0a00
0700
0200
0200
0000
0000
1100
2b00
1600
0900
0f00
0e00
2900
2400
3200
3300
2b00
0f00
0700
0a00
0900
0800
0200
0300
0100
0100
1000
4400
2500
0b00
0700
0900
3400
2800
1c00
2500
1c00
1100
0400
0e00
0f00
0a00
0300
0500
0200
0300
1100
2300
2b00
0f00
0c00
1400
4500
2600
3200
2800
1d00
1100
0a00
0e00
0a00
0c00
0400
0500
0200
0600
0e00
3800
2000
0a00
0500
1500
1900
2200
3300
3500
3400
1800
0400
1600
1100
0a00
0300
0500
0300
0600
1200
3200
2000
1000
0a00
0c00
2800
2500
4000
2c00
2500
1600
0600
0e00
0b00
0600
0300
0400
0200
0300
1b00
1300
2400
0a00
0500
0f00
3a00
1800
2300
3000
1d00
0900
0400
1300
0b00
0800
0300
0400
0100
0400
1700
3600
2900
0f00
0900
0c00
2200
2c00
4600
2a00
3d00
1a00
0900
1000
1300
0d00
0500
0800
0400
0400
1000
3500
2a00
1400
0e00
1200
5200
2a00
3000
4800
3b00
1e00
0b00
1100
0f00
0c00
0400
0500
0100
0400
0f00
2d00
1e00
0e00
0800
0e00
1e00
3e00
4700
4d00
3e00
1e00
0a00
1200
0d00
0900
0300
0500
0100
0300
1100
4400
2400
0c00
0900
1800
3300
3300
4700
4e00
2f00
1800
0d00
1b00
1200
0e00
0600
0500
0200
0200
0f00
2100
1600
0e00
0b00
0f00
2100
4800
2200
2e00
3b00
1700
0500
1200
1600
0d00
0400
0500
0100
0200
1100
2e00
2600
0c00
0900
0e00
4300
3200
3000
2700
2700
1300
0700
1700
1200
0800
0300
0500
0100
0200
0f00
3d00
2100
0d00
0b00
0d00
3500
2600
3f00
3200
3e00
1f00
0c00
1400
1200
0800
0300
0600
0200
0300
0e00
2e00
2f00
0500
0800
1200
3b00
2b00
3000
4200
3c00
1a00
0800
1600
1200
0c00
0200
0500
0100
0200
1400
2e00
1900
0900
0400
1300
4300
5500
5e00
2a00
1d00
1400
0700
1900
1600
0700
0400
0500
0200
0300
1400
1b00
1a00
0700
0700
1600
3300
3300
4f00
4000
2900
1000
0800
1600
1800
0b00
0200
0400
0300
0200
1500
2700
1700
0900
0600
0800
2100
2400
2f00
2b00
2d00
0d00
0500
1300
0b00
0600
0300
0300
0000
0100
0c00
3200
1700
0500
0700
0f00
2700
2d00
3600
3a00
3800
0e00
0b00
1700
0e00
0700
0300
0600
0000
0100
0b00
2400
1300
0c00
0900
1000
2500
3900
3e00
3500
2a00
0c00
0600
1900
0f00
0500
0400
0600
0000
0100
0d00
2700
1b00
0b00
0900
1100
1a00
1a00
3600
2600
1d00
0f00
0600
0f00
0900
0600
0200
0300
0100
0000
1300
3600
1900
0900
0a00
1300
3400
1700
2900
1f00
1b00
0800
0600
0e00
0a00
0800
0300
0600
0100
0000
0f00
2f00
2600
0a00
0600
0a00
2300
2800
2300
3200
3300
1000
0400
0d00
0d00
0a00
0200
0200
0000
0100
0b00
2c00
1a00
0900
0500
0c00
2500
1d00
1200
1c00
1700
0f00
0700
0b00
0c00
0700
0100
0400
0100
0200
0900
2600
1400
0900
0600
0800
2500
1900
2300
2600
1500
0b00
0800
1200
1300
0700
0200
0400
0100
0200
0c00
2200
1900
0d00
0300
0f00
3400
2400
2300
1600
0d00
0700
0600
0d00
1400
0900
0300
0400
0000
0100
0f00
3200
1300
0900
0a00
0a00
1f00
2000
1b00
1d00
1900
0900
0700
0f00
0e00
0600
0100
0200
0100
0000
0b00
2e00
1900
0a00
0600
0a00
2100
1e00
1f00
1700
1900
0700
0500
0c00
0900
0800
0200
0300
0000
0100
0e00
1e00
1700
0a00
0800
0b00
0f00
1300
1c00
2900
1d00
0a00
0400
0800
0900
0600
0200
0300
0100
0100
0d00
3900
1900
0500
0400
0900
2a00
1a00
1000
2100
1d00
0d00
0400
0c00
0e00
0600
0300
0400
0000
0100
1100
2a00
1900
0500
0300
0b00
2100
2900
2100
1f00
1f00
0900
0500
0b00
0900
0400
0200
0400
0000
0100
1600
2b00
1c00
0800
0c00
1400
2500
1400
1f00
2e00
2100
0e00
0500
0d00
0700
0200
0200
0200
0000
0000
1200
3300
1700
0600
0b00
1400
2d00
2100
2500
2b00
1300
0a00
0300
0a00
0800
0500
0200
0300
0100
0000
1500
1d00
1c00
0800
0300
0700
2b00
1800
1900
2000
1c00
0900
0200
0500
0500
0500
0200
0200
0000
0100
1200
3100
2100
0700
0b00
0c00
2000
2000
1600
1a00
1300
0800
0200
0600
0900
0600
0200
0300
0000
0000
0e00
1a00
2000
1300
1800
1000
1300
0d00
1900
1500
0f00
0800
0c00
0800
0600
0500
0400
0400
0100
0100
1600
1600
1100
1900
1000
2100
1c00
1d00
1600
1300
1200
0e00
0d00
1100
0c00
0600
0300
0200
0100
0200
0f00
1900
1500
0f00
1100
1800
2300
1600
1700
2000
2200
0a00
0a00
0a00
0a00
0600
0400
0400
0100
0200
0e00
1900
2500
1900
1700
1b00
1000
0b00
0f00
1800
1200
0a00
0c00
0e00
0700
0500
0300
0400
0200
0100
0c00
1800
1e00
1c00
1400
2400
2d00
1e00
1c00
1100
1100
1000
0e00
0c00
0800
0600
0300
0400
0100
0100
0900
1b00
1e00
0f00
1700
1c00
1500
0e00
1100
1400
1000
0b00
0600
0900
0600
0500
0300
0400
0100
0000
0d00
1a00
1e00
1200
1500
2100
1200
0800
1700
2800
1000
0e00
0c00
0800
0400
0400
0200
0300
0100
0000
1500
2b00
1c00
1300
1300
2600
3100
1f00
1f00
2f00
1f00
2100
1300
1600
0d00
0800
0400
0300
0100
0200
1600
1c00
2200
1000
1400
0e00
2a00
1300
1100
1c00
1300
1100
0e00
0c00
0400
0500
0300
0300
0200
0100
