CFO=1858.703291964782,STO=6
SNRdB=8.17,TXPdB=-10
packet_number=1,correct=False,payload=[10,181,7,136,8,137,5,138,11,203,11,204,12,205,15,142,14,143,15,208,16,209,25,154,19,219,155,158,20,221,29,215,22,151,151,156,24,217,153,158,31,155,155,156,30,159,159,223,31,159,31,224,32,225,49,162,34,163,179,166,54,181,183,167,38,247,55,188,60,169,169,239,63,175,171,238,44,175,61,238,46,175,47,248,48,185,177,225,213,80,73,23,57,28,89,67,192,70,40,70]
CFO=-3551.7289619622884,STO=0
SNRdB=9.15,TXPdB=-10
packet_number=2,correct=False,payload=[255,183,249,127,251,191,191,191,191,189,191,191,255,254,63,191,191,231,105,243,123,238,95,231,127,236,125,239,127,254,239,239,111,254,123,255,251,223,127,255,255,252,127,255,127,125,127,255,127,244,113,251,127,231,189,116,239,93,155,43,139,237,57,227,191,86,79,244,223,221,150,157,195,213,219,65,254,191,93,78,31,85,6,235,55,231,211,186,94,251,254,125,44,105,235,143,239,186,61,125]
CFO=3006.9153654260285,STO=4
SNRdB=8.94,TXPdB=-10
packet_number=3,correct=False,payload=[8,48,136,32,40,112,56,192,216,240,248,96,232,112,120,128,153,144,152,225,184,176,185,192,216,208,248,224,233,241,251,1,9,19,57,97,105,51,121,67,89,211,217,225,107,241,121,129,153,177,155,161,251,177,185,195,201,211,217,225,235,243,254,2,26,18,26,34,46,54,122,194,78,86,250,102,106,242,127,130,138,146,186,162,171,178,186,194,218,211,250,230,235,242,255,3,11,55,62,24]
CFO=-2050.717577905131,STO=4
SNRdB=7.35,TXPdB=-10
packet_number=4,correct=False,payload=[220,253,167,238,181,245,79,151,165,189,87,93,101,117,197,149,167,181,199,253,231,246,14,22,38,188,115,87,79,226,215,116,90,239,214,234,213,156,187,67,135,90,51,169,188,131,127,58,173,108,173,234,231,199,245,221,77,223,243,255,215,220,109,115,156,255,92,215,174,64,93,237,107,157,254,108,94,40,80,56,209,82,122,234,81,130,142,116,194,64,95,203,62,115,84,43,155,136,53,159]
CFO=3542.235710494009,STO=5
SNRdB=9.86,TXPdB=-10
packet_number=5,correct=False,payload=[128,1,2,3,4,5,6,7,8,9,10,11,12,13,14,15,16,17,18,19,20,21,22,23,24,25,26,27,28,29,30,31,32,33,34,35,36,37,38,39,40,41,42,43,44,45,46,47,48,49,50,51,52,53,54,55,56,57,58,59,60,61,62,63,64,65,66,67,68,69,70,71,72,73,74,75,76,77,78,79,80,81,82,83,84,85,86,87,88,89,90,91,92,93,94,95,96,97,98,99]
