CFO=1756.6800685701976,STO=1
SNRdB=7.82,TXPdB=0
CFO=1736.9557629076703,STO=6
SNRdB=5.50,TXPdB=0
packet_number=1,correct=False,payload=[26,220,134,203,27,223,155,220,28,221,221,223,31,223,159,222,30,222,159,223,31,223,159,240,48,241,177,243,51,243,179,246,38,247,183,247,55,215,183,252,60,253,149,255,63,247,183,254,62,255,183,255,63,223,183,250,56,249,185,241,200,38,16,240,62,119,37,11,228,49,98,206,227,201,118,1,23,136,92,166,32,137,26,220,40,191,116,181,103,33,158,227,109,168,133,151,114,9,211,122]
packet_number=2,correct=False,payload=[142,79,74,120,89,83,83,126,119,254,87,88,93,254,95,220,127,126,127,224,113,227,115,195,151,139,56,69,134,90,84,140,38,58,114,85,25,178,25,9,64,191,18,49,86,162,50,120,187,48,190,198,169,190,211,43,118,1,84,129,186,189,115,168,62,57,134,109,88,5,166,222,111,142,117,26,163,89,40,46,194,50,196,247,26,4,64,47,34,164,184,51,154,240,59,150,7,230,75,191]
CFO=-551.1380434005416,STO=5
SNRdB=6.43,TXPdB=0
CFO=1404.065742264308,STO=4
SNRdB=5.05,TXPdB=0
packet_number=3,correct=False,payload=[50,21,191,161,255,188,253,157,253,237,253,205,253,253,255,15,63,111,127,205,255,239,255,143,191,239,255,223,255,239,254,206,62,110,124,113,16,250,187,95,111,253,253,132,240,255,106,240,237,13,246,58,65,163,24,148,241,73,111,152,165,33,89,29,192,173,235,213,42,115,231,199,40,163,254,133,206,228,232,98,126,236,87,61,253,138,103,176,205,45,242,191,252,21,178,27,207,16,74,255]
packet_number=4,correct=False,payload=[70,80,72,210,83,84,85,86,87,88,121,218,91,124,221,94,95,96,99,98,99,195,37,174,101,148,0,0,181,11,136,1,30,239,149,135,2,26,162,1,32,131,36,129,65,69,142,130,29,61,176,208,12,224,192,226,3,140,29,10,152,12,26,130,4,66,158,144,37,4,4,163,240,33,166,172,68,240,0,31,135,225,246,0,133,65,217,106,141,45,228,126,55,39,12,89,155,68,106,88]
CFO=-719.6542848720945,STO=5
SNRdB=0.42,TXPdB=0
packet_number=5,correct=False,payload=[181,206,222,178,174,255,255,124,89,252,191,86,124,119,232,31,27,190,110,47,37,62,115,59,203,215,147,234,214,159,145,91,252,95,223,255,162,197,211,11,98,2,223,191,124,191,189,107,224,174,110,43,154,73,243,63,249,103,167,147,127,87,190,194,63,87,7,131,253,232,123,47,152,191,225,241,92,226,86,176,159,181,115,94,159,190,127,245,254,253,216,124,31,21,39,63,30,150,255,94]
CFO=-2480.4356093056367,STO=0
SNRdB=7.59,TXPdB=0
packet_number=6,correct=False,payload=[173,29,210,17,191,91,126,23,151,151,158,153,95,191,189,31,158,95,244,99,179,123,103,63,166,119,44,109,59,127,238,61,190,191,57,55,187,51,254,53,191,55,56,185,123,123,190,189,127,191,230,113,235,103,126,231,102,111,204,105,206,111,206,205,223,207,241,121,219,115,126,93,247,127,220,223,123,123,222,95,222,127,232,111,119,243,239,138,31,237,171,198,112,174,232,201,154,53,39,129]
