CFO=7603.9001925871025,STO=3
SNRdB=18.62,TXPdB=0
CFO=5683.711087111108,STO=5
SNRdB=17.66,TXPdB=0
packet_number=1,correct=True,payload=[0,1,2,3,4,5,6,7,8,9,10,11,12,13,14,15,16,17,18,19,20,21,22,23,24,25,26,27,28,29,30,31,32,33,34,35,36,37,38,39,40,41,42,43,44,45,46,47,48,49,50,51,52,53,54,55,56,57,58,59,60,61,62,63,64,65,66,67,68,69,70,71,72,73,74,75,76,77,78,79,80,81,82,83,84,85,86,87,88,89,90,91,92,93,94,95,96,97,98,99]
CFO=5201.80756453955,STO=3
SNRdB=14.78,TXPdB=0
packet_number=2,correct=True,payload=[0,1,2,3,4,5,6,7,8,9,10,11,12,13,14,15,16,17,18,19,20,21,22,23,24,25,26,27,28,29,30,31,32,33,34,35,36,37,38,39,40,41,42,43,44,45,46,47,48,49,50,51,52,53,54,55,56,57,58,59,60,61,62,63,64,65,66,67,68,69,70,71,72,73,74,75,76,77,78,79,80,81,82,83,84,85,86,87,88,89,90,91,92,93,94,95,96,97,98,99]
packet_number=3,correct=True,payload=[0,1,2,3,4,5,6,7,8,9,10,11,12,13,14,15,16,17,18,19,20,21,22,23,24,25,26,27,28,29,30,31,32,33,34,35,36,37,38,39,40,41,42,43,44,45,46,47,48,49,50,51,52,53,54,55,56,57,58,59,60,61,62,63,64,65,66,67,68,69,70,71,72,73,74,75,76,77,78,79,80,81,82,83,84,85,86,87,88,89,90,91,92,93,94,95,96,97,98,99]
CFO=-1666.260221926538,STO=7
SNRdB=5.49,TXPdB=0
CFO=4320.0804204722945,STO=1
SNRdB=12.40,TXPdB=0
packet_number=4,correct=False,payload=[61,255,126,233,222,135,190,239,255,223,255,255,254,14,62,110,254,115,207,140,50,31,244,88,245,0,17,76,149,105,90,201,109,34,28,227,135,193,71,255,227,56,185,199,254,128,223,115,229,239,25,254,86,170,239,103,198,250,132,237,133,6,249,43,243,168,92,175,63,187,118,78,119,218,221,121,23,40,255,234,58,23,214,55,5,17,118,155,44,134,31,148,197,113,87,181,85,254,217,221]
packet_number=5,correct=True,payload=[0,1,2,3,4,5,6,7,8,9,10,11,12,13,14,15,16,17,18,19,20,21,22,23,24,25,26,27,28,29,30,31,32,33,34,35,36,37,38,39,40,41,42,43,44,45,46,47,48,49,50,51,52,53,54,55,56,57,58,59,60,61,62,63,64,65,66,67,68,69,70,71,72,73,74,75,76,77,78,79,80,81,82,83,84,85,86,87,88,89,90,91,92,93,94,95,96,97,98,99]
CFO=6775.126461653832,STO=4
SNRdB=16.24,TXPdB=0
CFO=8457.473202031828,STO=4
SNRdB=16.11,TXPdB=0
packet_number=6,correct=True,payload=[0,1,2,3,4,5,6,7,8,9,10,11,12,13,14,15,16,17,18,19,20,21,22,23,24,25,26,27,28,29,30,31,32,33,34,35,36,37,38,39,40,41,42,43,44,45,46,47,48,49,50,51,52,53,54,55,56,57,58,59,60,61,62,63,64,65,66,67,68,69,70,71,72,73,74,75,76,77,78,79,80,81,82,83,84,85,86,87,88,89,90,91,92,93,94,95,96,97,98,99]
CFO=9269.76483272421,STO=6
SNRdB=15.74,TXPdB=0
packet_number=7,correct=True,payload=[0,1,2,3,4,5,6,7,8,9,10,11,12,13,14,15,16,17,18,19,20,21,22,23,24,25,26,27,28,29,30,31,32,33,34,35,36,37,38,39,40,41,42,43,44,45,46,47,48,49,50,51,52,53,54,55,56,57,58,59,60,61,62,63,64,65,66,67,68,69,70,71,72,73,74,75,76,77,78,79,80,81,82,83,84,85,86,87,88,89,90,91,92,93,94,95,96,97,98,99]
packet_number=8,correct=False,payload=[248,192,0,152,0,8,24,8,32,16,16,60,0,4,32,12,32,32,48,56,0,0,64,72,16,0,16,24,64,64,64,72,96,96,112,124,0,128,128,8,0,0,176,24,0,128,40,8,32,96,48,248,129,128,128,136,208,149,144,152,224,196,240,204,225,224,248,248,1,0,2,8,0,0,16,24,0,0,0,8,48,52,49,120,0,132,0,8,0,0,16,28,64,64,96,72,96,97,112,121]
CFO=-10842.191062059466,STO=4
SNRdB=12.95,TXPdB=0
packet_number=9,correct=False,payload=[251,191,127,254,247,253,239,255,255,255,255,255,255,255,255,255,255,255,255,255,255,255,255,255,255,255,255,255,255,255,255,255,255,255,255,255,255,255,255,255,255,255,255,255,255,255,255,255,255,255,255,255,255,255,255,255,255,255,255,255,255,255,255,255,255,255,255,255,255,255,255,255,255,255,255,255,255,255,255,255,255,255,255,255,255,255,255,255,255,255,255,255,255,255,255,255,255,255,255,255]
CFO=3214.5967535141135,STO=1
SNRdB=10.38,TXPdB=0
packet_number=10,correct=False,payload=[0,1,14,35,12,5,6,7,8,9,26,27,28,13,30,15,16,17,22,23,20,21,22,55,24,27,26,27,28,29,30,31,32,99,34,35,36,109,110,39,40,41,42,43,44,63,46,47,48,51,50,115,52,117,54,119,56,123,58,63,124,61,126,63,192,65,66,199,68,69,78,71,200,75,74,203,76,77,78,207,80,81,82,83,92,127,214,95,120,217,254,127,124,95,94,95,96,97,98,99]
CFO=4643.901586297368,STO=5
SNRdB=14.12,TXPdB=0
packet_number=11,correct=True,payload=[0,1,2,3,4,5,6,7,8,9,10,11,12,13,14,15,16,17,18,19,20,21,22,23,24,25,26,27,28,29,30,31,32,33,34,35,36,37,38,39,40,41,42,43,44,45,46,47,48,49,50,51,52,53,54,55,56,57,58,59,60,61,62,63,64,65,66,67,68,69,70,71,72,73,74,75,76,77,78,79,80,81,82,83,84,85,86,87,88,89,90,91,92,93,94,95,96,97,98,99]
CFO=11316.571415851471,STO=3
SNRdB=15.97,TXPdB=0
packet_number=12,correct=False,payload=[0,0,0,3,4,5,6,7,8,9,8,9,12,13,14,15,16,17,2,19,20,20,22,23,8,25,26,27,28,29,30,31,32,33,34,35,36,37,6,35,40,41,42,43,44,45,46,39,48,17,50,19,52,49,54,51,56,57,58,59,60,60,62,31,64,64,66,65,68,69,70,71,8,73,74,75,68,77,78,79,16,81,82,67,84,85,86,87,88,89,74,91,92,77,94,95,96,97,98,99]
CFO=10002.556856027184,STO=7
SNRdB=16.66,TXPdB=0
packet_number=13,correct=True,payload=[0,1,2,3,4,5,6,7,8,9,10,11,12,13,14,15,16,17,18,19,20,21,22,23,24,25,26,27,28,29,30,31,32,33,34,35,36,37,38,39,40,41,42,43,44,45,46,47,48,49,50,51,52,53,54,55,56,57,58,59,60,61,62,63,64,65,66,67,68,69,70,71,72,73,74,75,76,77,78,79,80,81,82,83,84,85,86,87,88,89,90,91,92,93,94,95,96,97,98,99]
CFO=8276.669556965127,STO=5
SNRdB=17.07,TXPdB=0
packet_number=14,correct=True,payload=[0,1,2,3,4,5,6,7,8,9,10,11,12,13,14,15,16,17,18,19,20,21,22,23,24,25,26,27,28,29,30,31,32,33,34,35,36,37,38,39,40,41,42,43,44,45,46,47,48,49,50,51,52,53,54,55,56,57,58,59,60,61,62,63,64,65,66,67,68,69,70,71,72,73,74,75,76,77,78,79,80,81,82,83,84,85,86,87,88,89,90,91,92,93,94,95,96,97,98,99]
CFO=7307.580498863869,STO=2
SNRdB=17.01,TXPdB=0
CFO=8338.50838216313,STO=1
SNRdB=15.87,TXPdB=0
packet_number=15,correct=True,payload=[0,1,2,3,4,5,6,7,8,9,10,11,12,13,14,15,16,17,18,19,20,21,22,23,24,25,26,27,28,29,30,31,32,33,34,35,36,37,38,39,40,41,42,43,44,45,46,47,48,49,50,51,52,53,54,55,56,57,58,59,60,61,62,63,64,65,66,67,68,69,70,71,72,73,74,75,76,77,78,79,80,81,82,83,84,85,86,87,88,89,90,91,92,93,94,95,96,97,98,99]
packet_number=16,correct=True,payload=[0,1,2,3,4,5,6,7,8,9,10,11,12,13,14,15,16,17,18,19,20,21,22,23,24,25,26,27,28,29,30,31,32,33,34,35,36,37,38,39,40,41,42,43,44,45,46,47,48,49,50,51,52,53,54,55,56,57,58,59,60,61,62,63,64,65,66,67,68,69,70,71,72,73,74,75,76,77,78,79,80,81,82,83,84,85,86,87,88,89,90,91,92,93,94,95,96,97,98,99]
CFO=3916.3614567155732,STO=1
SNRdB=11.13,TXPdB=0
packet_number=17,correct=False,payload=[0,1,2,3,4,5,6,7,8,9,10,11,12,13,14,15,16,17,18,19,20,21,22,23,24,25,26,27,28,29,30,31,32,33,34,35,36,37,38,39,40,41,42,47,44,45,46,47,48,49,50,51,52,53,54,55,56,57,58,59,60,61,62,63,64,65,66,67,68,69,70,71,72,73,74,75,76,77,78,79,80,81,82,83,84,85,86,87,88,89,90,91,92,93,94,95,96,97,98,99]
