CFO=7653.338429891994,STO=3
SNRdB=21.70,TXPdB=0
CFO=7877.2547981822445,STO=6
SNRdB=21.52,TXPdB=0
packet_number=1,correct=True,payload=[0,1,2,3,4,5,6,7,8,9,10,11,12,13,14,15,16,17,18,19,20,21,22,23,24,25,26,27,28,29,30,31,32,33,34,35,36,37,38,39,40,41,42,43,44,45,46,47,48,49,50,51,52,53,54,55,56,57,58,59,60,61,62,63,64,65,66,67,68,69,70,71,72,73,74,75,76,77,78,79,80,81,82,83,84,85,86,87,88,89,90,91,92,93,94,95,96,97,98,99]
CFO=6957.9032724807585,STO=2
SNRdB=21.52,TXPdB=0
packet_number=2,correct=True,payload=[0,1,2,3,4,5,6,7,8,9,10,11,12,13,14,15,16,17,18,19,20,21,22,23,24,25,26,27,28,29,30,31,32,33,34,35,36,37,38,39,40,41,42,43,44,45,46,47,48,49,50,51,52,53,54,55,56,57,58,59,60,61,62,63,64,65,66,67,68,69,70,71,72,73,74,75,76,77,78,79,80,81,82,83,84,85,86,87,88,89,90,91,92,93,94,95,96,97,98,99]
CFO=8644.634614850947,STO=6
SNRdB=21.74,TXPdB=0
packet_number=3,correct=True,payload=[0,1,2,3,4,5,6,7,8,9,10,11,12,13,14,15,16,17,18,19,20,21,22,23,24,25,26,27,28,29,30,31,32,33,34,35,36,37,38,39,40,41,42,43,44,45,46,47,48,49,50,51,52,53,54,55,56,57,58,59,60,61,62,63,64,65,66,67,68,69,70,71,72,73,74,75,76,77,78,79,80,81,82,83,84,85,86,87,88,89,90,91,92,93,94,95,96,97,98,99]
CFO=6657.318505075806,STO=2
SNRdB=21.82,TXPdB=0
packet_number=4,correct=True,payload=[0,1,2,3,4,5,6,7,8,9,10,11,12,13,14,15,16,17,18,19,20,21,22,23,24,25,26,27,28,29,30,31,32,33,34,35,36,37,38,39,40,41,42,43,44,45,46,47,48,49,50,51,52,53,54,55,56,57,58,59,60,61,62,63,64,65,66,67,68,69,70,71,72,73,74,75,76,77,78,79,80,81,82,83,84,85,86,87,88,89,90,91,92,93,94,95,96,97,98,99]
CFO=6944.095381027408,STO=3
SNRdB=18.24,TXPdB=0
packet_number=5,correct=False,payload=[0,1,2,3,4,5,6,7,8,9,10,11,12,13,14,15,16,17,18,19,20,21,22,23,24,25,26,27,28,29,30,31,32,33,34,35,36,37,38,39,40,41,42,43,44,45,46,47,48,52,36,165,37,166,38,167,39,168,40,169,41,170,42,171,43,172,44,173,45,174,46,175,47,176,48,177,49,225,144,11,0,48,24,166,135,164,48,6,130,11,2,125,137,122,0,48,39,45,64,144]
CFO=6669.720041606302,STO=3
SNRdB=21.58,TXPdB=0
packet_number=6,correct=False,payload=[0,1,2,3,4,5,6,7,8,9,10,11,12,13,14,15,16,17,19,76,28,18,4,2,1,71,81,98,32,150,138,167,86,47,96,169,196,196,136,128,49,25,128,173,227,8,168,184,51,24,9,24,8,168,62,166,198,231,7,39,71,103,135,167,199,232,8,40,72,104,136,168,208,6,0,112,128,32,64,61,4,42,237,28,2,73,210,16,32,8,144,58,154,17,16,56,133,8,116,16]
CFO=7471.8493943148305,STO=4
SNRdB=18.19,TXPdB=0
packet_number=7,correct=False,payload=[0,1,2,3,4,5,6,7,8,9,10,11,12,13,14,15,16,17,18,19,20,21,22,23,24,25,26,27,28,29,30,31,32,33,34,35,36,37,38,39,40,41,42,43,44,45,46,47,48,49,50,51,52,53,54,55,90,226,234,242,251,3,11,19,30,24,1,150,162,16,27,160,0,200,164,31,83,26,101,17,149,109,129,16,20,41,12,85,38,177,143,22,19,172,156,22,47,4,39,9]
CFO=8261.19538394551,STO=1
SNRdB=16.30,TXPdB=0
packet_number=8,correct=False,payload=[0,1,2,3,4,131,196,4,68,132,197,5,69,133,198,6,70,134,199,7,71,135,200,8,72,136,201,9,73,137,202,10,74,138,203,11,75,139,204,12,76,140,205,13,77,141,206,14,78,142,207,15,79,143,208,16,80,144,209,17,81,145,210,18,82,146,211,19,83,147,212,20,84,148,213,21,85,149,214,22,86,150,215,23,87,151,216,24,88,152,240,192,160,6,243,101,105,255,137,153]
packet_number=9,correct=True,payload=[0,1,2,3,4,5,6,7,8,9,10,11,12,13,14,15,16,17,18,19,20,21,22,23,24,25,26,27,28,29,30,31,32,33,34,35,36,37,38,39,40,41,42,43,44,45,46,47,48,49,50,51,52,53,54,55,56,57,58,59,60,61,62,63,64,65,66,67,68,69,70,71,72,73,74,75,76,77,78,79,80,81,82,83,84,85,86,87,88,89,90,91,92,93,94,95,96,97,98,99]
CFO=4600.209719950443,STO=0
SNRdB=11.37,TXPdB=0
packet_number=10,correct=True,payload=[0,1,2,3,4,5,6,7,8,9,10,11,12,13,14,15,16,17,18,19,20,21,22,23,24,25,26,27,28,29,30,31,32,33,34,35,36,37,38,39,40,41,42,43,44,45,46,47,48,49,50,51,52,53,54,55,56,57,58,59,60,61,62,63,64,65,66,67,68,69,70,71,72,73,74,75,76,77,78,79,80,81,82,83,84,85,86,87,88,89,90,91,92,93,94,95,96,97,98,99]
CFO=-3966.325239131601,STO=2
SNRdB=8.78,TXPdB=0
packet_number=11,correct=False,payload=[255,221,239,251,222,241,157,243,255,248,254,235,253,248,252,243,254,248,253,133,239,219,159,181,189,253,191,245,239,249,253,241,253,249,253,231,207,219,221,249,255,255,253,227,253,251,253,247,255,251,255,7,63,91,31,59,63,59,255,115,111,251,127,119,255,123,255,239,207,223,223,247,255,255,255,247,239,251,255,251,255,251,255,171,175,219,255,125,26,185,60,57,253,251,157,165,148,28,101,158]
CFO=9881.210007685446,STO=6
SNRdB=16.56,TXPdB=0
CFO=6379.416606176989,STO=1
SNRdB=16.72,TXPdB=0
packet_number=12,correct=True,payload=[0,1,2,3,4,5,6,7,8,9,10,11,12,13,14,15,16,17,18,19,20,21,22,23,24,25,26,27,28,29,30,31,32,33,34,35,36,37,38,39,40,41,42,43,44,45,46,47,48,49,50,51,52,53,54,55,56,57,58,59,60,61,62,63,64,65,66,67,68,69,70,71,72,73,74,75,76,77,78,79,80,81,82,83,84,85,86,87,88,89,90,91,92,93,94,95,96,97,98,99]
CFO=11580.132289086723,STO=6
SNRdB=13.00,TXPdB=0
packet_number=13,correct=True,payload=[0,1,2,3,4,5,6,7,8,9,10,11,12,13,14,15,16,17,18,19,20,21,22,23,24,25,26,27,28,29,30,31,32,33,34,35,36,37,38,39,40,41,42,43,44,45,46,47,48,49,50,51,52,53,54,55,56,57,58,59,60,61,62,63,64,65,66,67,68,69,70,71,72,73,74,75,76,77,78,79,80,81,82,83,84,85,86,87,88,89,90,91,92,93,94,95,96,97,98,99]
CFO=3938.0129192251675,STO=3
SNRdB=9.83,TXPdB=0
packet_number=14,correct=True,payload=[0,1,2,3,4,5,6,7,8,9,10,11,12,13,14,15,16,17,18,19,20,21,22,23,24,25,26,27,28,29,30,31,32,33,34,35,36,37,38,39,40,41,42,43,44,45,46,47,48,49,50,51,52,53,54,55,56,57,58,59,60,61,62,63,64,65,66,67,68,69,70,71,72,73,74,75,76,77,78,79,80,81,82,83,84,85,86,87,88,89,90,91,92,93,94,95,96,97,98,99]
packet_number=15,correct=False,payload=[200,154,240,0,0,32,112,64,144,224,240,129,49,225,241,193,177,225,243,3,51,98,115,195,211,227,241,131,179,227,179,195,243,227,246,6,54,102,118,198,246,230,247,7,183,231,247,199,215,231,246,7,55,103,115,199,247,227,247,135,183,199,247,199,247,231,252,12,60,108,124,140,252,236,253,141,188,237,189,205,249,237,239,15,63,111,127,206,186,237,255,143,159,239,255,199,255,207,254,12]
CFO=7420.945512250541,STO=0
SNRdB=13.78,TXPdB=0
packet_number=16,correct=False,payload=[130,96,0,32,96,48,192,96,64,240,128,145,193,49,129,128,193,241,1,34,35,97,192,224,64,225,129,19,67,243,195,163,195,244,4,36,68,98,132,164,198,97,3,36,197,35,132,199,198,231,2,34,98,102,198,167,194,227,7,183,135,55,135,147,199,228,8,56,72,32,128,140,204,240,5,40,65,109,136,225,201,234,3,46,106,56,12,15,202,255,15,187,111,43,139,171,205,252,12,44]
CFO=3699.0656287333104,STO=7
SNRdB=10.08,TXPdB=0
CFO=3772.7389424650914,STO=1
SNRdB=11.01,TXPdB=0
packet_number=17,correct=False,payload=[0,3,2,3,4,5,6,7,8,11,30,15,12,15,14,31,16,51,18,19,20,29,54,63,56,57,26,31,28,29,62,31,32,33,98,99,36,101,38,47,104,41,110,59,44,45,62,127,48,49,54,51,52,55,62,63,120,123,62,59,60,125,126,127,64,193,66,71,196,69,78,71,216,217,90,203,220,77,206,95,112,243,118,211,252,119,94,95,88,123,126,219,220,221,94,127,96,99,230,231]
CFO=4275.58742985397,STO=5
SNRdB=11.98,TXPdB=0
packet_number=18,correct=True,payload=[0,1,2,3,4,5,6,7,8,9,10,11,12,13,14,15,16,17,18,19,20,21,22,23,24,25,26,27,28,29,30,31,32,33,34,35,36,37,38,39,40,41,42,43,44,45,46,47,48,49,50,51,52,53,54,55,56,57,58,59,60,61,62,63,64,65,66,67,68,69,70,71,72,73,74,75,76,77,78,79,80,81,82,83,84,85,86,87,88,89,90,91,92,93,94,95,96,97,98,99]
packet_number=19,correct=False,payload=[0,1,3,3,4,5,6,7,8,9,10,11,12,13,14,15,16,17,18,19,20,21,22,23,24,25,26,27,28,29,30,31,32,33,34,35,36,37,38,39,40,41,42,43,44,45,46,47,48,49,50,51,52,53,54,55,56,57,58,59,60,61,62,63,64,65,66,67,68,69,70,71,72,73,74,75,76,77,78,79,80,81,82,83,84,85,86,87,88,89,90,91,92,93,94,95,96,97,98,99]
CFO=5818.343602025906,STO=7
SNRdB=12.02,TXPdB=0
packet_number=20,correct=True,payload=[0,1,2,3,4,5,6,7,8,9,10,11,12,13,14,15,16,17,18,19,20,21,22,23,24,25,26,27,28,29,30,31,32,33,34,35,36,37,38,39,40,41,42,43,44,45,46,47,48,49,50,51,52,53,54,55,56,57,58,59,60,61,62,63,64,65,66,67,68,69,70,71,72,73,74,75,76,77,78,79,80,81,82,83,84,85,86,87,88,89,90,91,92,93,94,95,96,97,98,99]
