CFO=6666.221466931441,STO=1
SNRdB=17.81,TXPdB=0
CFO=6983.905897514735,STO=0
SNRdB=17.75,TXPdB=0
packet_number=1,correct=True,payload=[0,1,2,3,4,5,6,7,8,9,10,11,12,13,14,15,16,17,18,19,20,21,22,23,24,25,26,27,28,29,30,31,32,33,34,35,36,37,38,39,40,41,42,43,44,45,46,47,48,49,50,51,52,53,54,55,56,57,58,59,60,61,62,63,64,65,66,67,68,69,70,71,72,73,74,75,76,77,78,79,80,81,82,83,84,85,86,87,88,89,90,91,92,93,94,95,96,97,98,99]
CFO=10006.063019801124,STO=3
SNRdB=17.63,TXPdB=0
packet_number=2,correct=True,payload=[0,1,2,3,4,5,6,7,8,9,10,11,12,13,14,15,16,17,18,19,20,21,22,23,24,25,26,27,28,29,30,31,32,33,34,35,36,37,38,39,40,41,42,43,44,45,46,47,48,49,50,51,52,53,54,55,56,57,58,59,60,61,62,63,64,65,66,67,68,69,70,71,72,73,74,75,76,77,78,79,80,81,82,83,84,85,86,87,88,89,90,91,92,93,94,95,96,97,98,99]
CFO=6897.9579275026645,STO=5
SNRdB=17.55,TXPdB=0
packet_number=3,correct=True,payload=[0,1,2,3,4,5,6,7,8,9,10,11,12,13,14,15,16,17,18,19,20,21,22,23,24,25,26,27,28,29,30,31,32,33,34,35,36,37,38,39,40,41,42,43,44,45,46,47,48,49,50,51,52,53,54,55,56,57,58,59,60,61,62,63,64,65,66,67,68,69,70,71,72,73,74,75,76,77,78,79,80,81,82,83,84,85,86,87,88,89,90,91,92,93,94,95,96,97,98,99]
CFO=10559.239092043072,STO=2
SNRdB=17.58,TXPdB=0
packet_number=4,correct=True,payload=[0,1,2,3,4,5,6,7,8,9,10,11,12,13,14,15,16,17,18,19,20,21,22,23,24,25,26,27,28,29,30,31,32,33,34,35,36,37,38,39,40,41,42,43,44,45,46,47,48,49,50,51,52,53,54,55,56,57,58,59,60,61,62,63,64,65,66,67,68,69,70,71,72,73,74,75,76,77,78,79,80,81,82,83,84,85,86,87,88,89,90,91,92,93,94,95,96,97,98,99]
CFO=9857.9750322214,STO=3
SNRdB=12.51,TXPdB=0
packet_number=5,correct=True,payload=[0,1,2,3,4,5,6,7,8,9,10,11,12,13,14,15,16,17,18,19,20,21,22,23,24,25,26,27,28,29,30,31,32,33,34,35,36,37,38,39,40,41,42,43,44,45,46,47,48,49,50,51,52,53,54,55,56,57,58,59,60,61,62,63,64,65,66,67,68,69,70,71,72,73,74,75,76,77,78,79,80,81,82,83,84,85,86,87,88,89,90,91,92,93,94,95,96,97,98,99]
CFO=5526.131508178528,STO=5
packet_number=6,correct=False,payload=[73,74,75,76,77,78,79,80,81,82,83,84,85,86,87,88,136,10,4,9,120,9,0,1,39,71,160,196,231,49,71,64,128,131,64,132,68,53,14,49,126,98,100,78,37,127,164,32,129,218,129,2,2,162,82,19,214,26,208,214,220,1,100,161,106,91,82,110,128,6,194,113,2,192,199,168,101,31,99,61,79,182,249,2,130,203,4,154,204,70,12,0,6,162,58,122,204,232,3,115]
SNRdB=17.39,TXPdB=0
CFO=5854.462021811888,STO=6
packet_number=7,correct=False,payload=[0,1,2,3,4,5,6,7,8,9,10,11,12,13,14,15,13,209,212,217,253,225,229,232,236,240,245,249,253,1,5,9,29,19,59,242,186,178,186,227,235,218,219,243,235,243,251,3,11,155,158,24,151,53,153,114,13,134,193,229,12,33,149,236,61,130,241,70,50,205,141,59,107,144,205,243,226,203,72,50,150,226,229,145,38,226,8,35,98,67,128,196,103,170,32,64,32,119,152,0]
SNRdB=17.80,TXPdB=0
CFO=6512.808777711261,STO=6
SNRdB=17.87,TXPdB=0
packet_number=8,correct=True,payload=[0,1,2,3,4,5,6,7,8,9,10,11,12,13,14,15,16,17,18,19,20,21,22,23,24,25,26,27,28,29,30,31,32,33,34,35,36,37,38,39,40,41,42,43,44,45,46,47,48,49,50,51,52,53,54,55,56,57,58,59,60,61,62,63,64,65,66,67,68,69,70,71,72,73,74,75,76,77,78,79,80,81,82,83,84,85,86,87,88,89,90,91,92,93,94,95,96,97,98,99]
CFO=9299.418288733297,STO=1
SNRdB=17.87,TXPdB=0
packet_number=9,correct=True,payload=[0,1,2,3,4,5,6,7,8,9,10,11,12,13,14,15,16,17,18,19,20,21,22,23,24,25,26,27,28,29,30,31,32,33,34,35,36,37,38,39,40,41,42,43,44,45,46,47,48,49,50,51,52,53,54,55,56,57,58,59,60,61,62,63,64,65,66,67,68,69,70,71,72,73,74,75,76,77,78,79,80,81,82,83,84,85,86,87,88,89,90,91,92,93,94,95,96,97,98,99]
CFO=6339.8674392891535,STO=1
SNRdB=17.94,TXPdB=0
packet_number=10,correct=True,payload=[0,1,2,3,4,5,6,7,8,9,10,11,12,13,14,15,16,17,18,19,20,21,22,23,24,25,26,27,28,29,30,31,32,33,34,35,36,37,38,39,40,41,42,43,44,45,46,47,48,49,50,51,52,53,54,55,56,57,58,59,60,61,62,63,64,65,66,67,68,69,70,71,72,73,74,75,76,77,78,79,80,81,82,83,84,85,86,87,88,89,90,91,92,93,94,95,96,97,98,99]
CFO=9263.713474847056,STO=0
SNRdB=17.94,TXPdB=0
packet_number=11,correct=True,payload=[0,1,2,3,4,5,6,7,8,9,10,11,12,13,14,15,16,17,18,19,20,21,22,23,24,25,26,27,28,29,30,31,32,33,34,35,36,37,38,39,40,41,42,43,44,45,46,47,48,49,50,51,52,53,54,55,56,57,58,59,60,61,62,63,64,65,66,67,68,69,70,71,72,73,74,75,76,77,78,79,80,81,82,83,84,85,86,87,88,89,90,91,92,93,94,95,96,97,98,99]
packet_number=12,correct=True,payload=[0,1,2,3,4,5,6,7,8,9,10,11,12,13,14,15,16,17,18,19,20,21,22,23,24,25,26,27,28,29,30,31,32,33,34,35,36,37,38,39,40,41,42,43,44,45,46,47,48,49,50,51,52,53,54,55,56,57,58,59,60,61,62,63,64,65,66,67,68,69,70,71,72,73,74,75,76,77,78,79,80,81,82,83,84,85,86,87,88,89,90,91,92,93,94,95,96,97,98,99]
CFO=10766.0297096269,STO=5
SNRdB=18.13,TXPdB=0
CFO=5824.468953619069,STO=0
SNRdB=18.23,TXPdB=0
packet_number=13,correct=False,payload=[0,1,2,3,4,5,6,7,8,9,10,11,12,13,14,15,16,17,18,19,20,21,22,23,24,25,26,27,28,29,30,31,32,33,34,35,36,37,38,39,40,41,42,43,44,45,46,47,48,52,100,52,132,128,160,180,192,68,228,241,1,0,36,53,4,80,100,116,133,133,164,176,196,197,225,242,6,18,38,60,16,81,67,132,65,177,161,26,47,1,116,8,148,31,225,59,193,46,34,219]
CFO=6355.061764280278,STO=1
SNRdB=18.02,TXPdB=0
packet_number=14,correct=False,payload=[0,1,2,3,4,5,6,7,8,9,10,11,12,13,14,15,16,17,18,19,20,21,22,23,24,25,26,27,28,29,30,31,32,33,88,90,92,94,96,98,100,102,104,106,108,110,112,114,116,118,120,122,124,126,128,130,132,134,136,138,140,142,144,146,148,150,152,154,156,158,160,162,164,166,168,170,172,174,176,178,180,182,184,186,188,190,192,194,196,199,134,13,3,228,6,17,32,9,80,18]
packet_number=15,correct=True,payload=[0,1,2,3,4,5,6,7,8,9,10,11,12,13,14,15,16,17,18,19,20,21,22,23,24,25,26,27,28,29,30,31,32,33,34,35,36,37,38,39,40,41,42,43,44,45,46,47,48,49,50,51,52,53,54,55,56,57,58,59,60,61,62,63,64,65,66,67,68,69,70,71,72,73,74,75,76,77,78,79,80,81,82,83,84,85,86,87,88,89,90,91,92,93,94,95,96,97,98,99]
CFO=5691.68580728579,STO=5
SNRdB=17.73,TXPdB=0
CFO=8996.750787950185,STO=2
SNRdB=17.81,TXPdB=0
packet_number=16,correct=False,payload=[0,1,2,3,4,5,6,7,8,9,10,11,12,13,14,15,16,17,27,228,4,36,68,100,132,164,196,229,5,37,69,101,133,165,197,230,6,38,70,102,134,166,198,231,7,39,71,103,135,167,199,232,8,40,72,104,136,168,200,233,9,41,73,105,137,169,201,234,10,42,74,106,138,170,202,235,11,43,75,107,139,171,203,236,12,44,76,120,97,156,164,84,98,209,193,157,120,0,70,246]
CFO=10375.619891218512,STO=2
SNRdB=17.88,TXPdB=0
packet_number=17,correct=True,payload=[0,1,2,3,4,5,6,7,8,9,10,11,12,13,14,15,16,17,18,19,20,21,22,23,24,25,26,27,28,29,30,31,32,33,34,35,36,37,38,39,40,41,42,43,44,45,46,47,48,49,50,51,52,53,54,55,56,57,58,59,60,61,62,63,64,65,66,67,68,69,70,71,72,73,74,75,76,77,78,79,80,81,82,83,84,85,86,87,88,89,90,91,92,93,94,95,96,97,98,99]
CFO=9316.041261625816,STO=0
SNRdB=17.97,TXPdB=0
packet_number=18,correct=True,payload=[0,1,2,3,4,5,6,7,8,9,10,11,12,13,14,15,16,17,18,19,20,21,22,23,24,25,26,27,28,29,30,31,32,33,34,35,36,37,38,39,40,41,42,43,44,45,46,47,48,49,50,51,52,53,54,55,56,57,58,59,60,61,62,63,64,65,66,67,68,69,70,71,72,73,74,75,76,77,78,79,80,81,82,83,84,85,86,87,88,89,90,91,92,93,94,95,96,97,98,99]
CFO=9633.683952164183,STO=6
SNRdB=17.96,TXPdB=0
packet_number=19,correct=True,payload=[0,1,2,3,4,5,6,7,8,9,10,11,12,13,14,15,16,17,18,19,20,21,22,23,24,25,26,27,28,29,30,31,32,33,34,35,36,37,38,39,40,41,42,43,44,45,46,47,48,49,50,51,52,53,54,55,56,57,58,59,60,61,62,63,64,65,66,67,68,69,70,71,72,73,74,75,76,77,78,79,80,81,82,83,84,85,86,87,88,89,90,91,92,93,94,95,96,97,98,99]
packet_number=20,correct=True,payload=[0,1,2,3,4,5,6,7,8,9,10,11,12,13,14,15,16,17,18,19,20,21,22,23,24,25,26,27,28,29,30,31,32,33,34,35,36,37,38,39,40,41,42,43,44,45,46,47,48,49,50,51,52,53,54,55,56,57,58,59,60,61,62,63,64,65,66,67,68,69,70,71,72,73,74,75,76,77,78,79,80,81,82,83,84,85,86,87,88,89,90,91,92,93,94,95,96,97,98,99]
CFO=6293.194005642041,STO=6
SNRdB=17.97,TXPdB=0
CFO=7854.257930701766,STO=2
SNRdB=17.89,TXPdB=0
CFO=7221.873008428826,STO=2
packet_number=21,correct=True,payload=[0,1,2,3,4,5,6,7,8,9,10,11,12,13,14,15,16,17,18,19,20,21,22,23,24,25,26,27,28,29,30,31,32,33,34,35,36,37,38,39,40,41,42,43,44,45,46,47,48,49,50,51,52,53,54,55,56,57,58,59,60,61,62,63,64,65,66,67,68,69,70,71,72,73,74,75,76,77,78,79,80,81,82,83,84,85,86,87,88,89,90,91,92,93,94,95,96,97,98,99]
SNRdB=17.90,TXPdB=0
packet_number=22,correct=False,payload=[0,1,2,3,4,5,6,7,8,9,10,11,12,13,14,15,16,17,18,19,20,21,22,23,24,25,26,27,28,29,30,31,32,33,34,35,36,37,38,39,40,41,42,43,44,45,46,47,48,48,69,70,71,72,73,74,75,76,77,78,79,80,81,82,83,84,85,86,87,88,89,90,91,92,93,94,95,96,97,98,99,195,16,0,0,49,11,160,129,194,68,195,224,200,2,49,170,75,229,198]
CFO=5814.717909941492,STO=7
SNRdB=17.96,TXPdB=0
packet_number=23,correct=False,payload=[0,150,24,26,28,30,32,34,36,38,40,42,44,46,48,50,52,54,57,86,88,90,124,252,96,98,100,102,232,106,232,126,112,114,116,118,121,45,49,53,57,61,65,69,73,77,81,85,89,93,97,101,105,109,113,117,121,125,129,133,137,143,12,8,39,75,144,80,223,27,175,148,37,31,120,200,36,146,40,25,38,141,3,79,1,231,3,139,204,135,113,185,149,212,189,36,45,7,19,172]
CFO=5989.291853302709,STO=6
SNRdB=17.51,TXPdB=0
CFO=5670.131817267476,STO=1
SNRdB=18.13,TXPdB=0
packet_number=24,correct=True,payload=[0,1,2,3,4,5,6,7,8,9,10,11,12,13,14,15,16,17,18,19,20,21,22,23,24,25,26,27,28,29,30,31,32,33,34,35,36,37,38,39,40,41,42,43,44,45,46,47,48,49,50,51,52,53,54,55,56,57,58,59,60,61,62,63,64,65,66,67,68,69,70,71,72,73,74,75,76,77,78,79,80,81,82,83,84,85,86,87,88,89,90,91,92,93,94,95,96,97,98,99]
packet_number=25,correct=False,payload=[0,1,2,3,4,5,6,7,8,9,10,11,12,13,14,15,16,17,18,19,20,21,22,23,24,25,26,27,28,29,30,31,32,33,34,35,36,37,38,39,40,41,42,43,44,45,46,47,48,48,2,192,0,80,0,0,128,61,88,146,248,66,122,233,221,37,152,46,164,162,217,130,68,0,75,64,140,0,16,72,32,16,128,87,115,193,8,36,186,54,46,32,214,96,142,94,103,138,18,43]
CFO=10667.68162604041,STO=7
SNRdB=18.13,TXPdB=0
packet_number=26,correct=False,payload=[0,1,2,3,4,5,6,7,8,9,10,11,12,13,14,15,17,227,242,2,22,38,50,194,82,98,114,130,146,162,178,194,214,226,247,231,232,12,56,72,108,136,188,200,233,13,41,201,109,201,233,233,171,203,236,12,44,76,120,99,200,16,174,166,23,18,42,80,28,1,132,162,31,49,128,68,73,5,8,8,202,131,80,148,151,96,193,171,0,49,35,178,28,24,230,66,28,42,88,78]
CFO=10494.873096852165,STO=4
SNRdB=18.12,TXPdB=0
packet_number=27,correct=False,payload=[0,1,2,3,4,5,6,7,8,9,10,11,12,13,14,15,16,17,18,19,20,21,22,23,24,25,26,27,28,29,30,31,32,33,34,35,36,37,38,39,40,41,42,43,44,45,46,47,48,49,50,51,52,53,54,55,56,57,58,59,60,61,62,63,64,65,66,67,68,69,70,71,72,73,74,75,76,77,78,79,80,81,82,83,84,85,86,87,88,89,90,72,136,0,16,132,1,4,8,96]
CFO=7020.595871325013,STO=7
SNRdB=18.06,TXPdB=0
packet_number=28,correct=False,payload=[0,1,2,3,4,5,6,7,8,9,10,11,12,13,14,15,16,17,18,19,20,21,22,23,24,25,26,27,28,29,30,31,32,33,34,35,36,37,38,39,40,41,42,43,44,45,46,47,48,49,50,51,52,53,54,55,56,57,58,59,60,61,62,63,64,65,66,67,68,69,70,71,72,73,74,75,76,77,78,79,80,81,82,83,84,85,86,87,88,89,68,1,65,132,128,102,32,67,128,1]
CFO=9167.232309633702,STO=4
SNRdB=18.03,TXPdB=0
packet_number=29,correct=False,payload=[0,1,2,3,4,5,6,7,8,9,10,11,12,13,14,15,16,17,18,19,20,21,22,23,24,25,26,27,28,29,30,31,32,33,34,35,36,37,38,39,40,41,42,43,44,45,46,47,48,49,50,51,52,53,54,55,56,57,58,59,60,61,62,63,64,66,34,40,5,146,118,9,9,21,40,39,17,44,18,179,32,32,44,3,173,40,122,92,14,15,132,128,73,99,228,12,83,36,131,71]
CFO=9798.534362331979,STO=5
SNRdB=17.97,TXPdB=0
packet_number=30,correct=False,payload=[0,1,2,3,4,5,6,7,8,9,10,11,12,13,14,15,16,17,18,19,20,21,22,23,24,25,26,27,28,29,30,31,32,33,34,35,36,37,38,39,40,41,42,43,44,45,46,47,48,49,50,51,52,53,54,55,56,57,58,59,60,61,62,63,64,65,66,67,68,69,70,71,72,73,74,75,76,87,88,89,90,91,92,93,94,95,96,97,98,99,195,5,1,130,32,218,215,100,19,132]
CFO=9364.554577480601,STO=3
SNRdB=18.04,TXPdB=0
packet_number=31,correct=False,payload=[0,1,2,3,4,5,6,7,8,9,10,11,12,13,14,15,16,17,18,19,20,21,22,23,24,25,26,27,28,29,30,31,32,33,34,35,36,37,38,39,40,41,42,43,44,45,46,47,48,49,50,51,52,53,54,55,56,57,58,59,60,61,62,63,64,65,66,67,68,69,70,71,72,75,11,131,200,8,8,8,112,64,0,9,128,39,68,128,2,24,36,53,144,16,76,9,179,1,151,10]
CFO=5770.102070781844,STO=6
packet_number=32,correct=False,payload=[0,1,2,3,4,5,6,7,8,9,10,11,12,13,14,15,16,17,18,19,20,21,22,23,24,24,72,74,76,78,80,82,84,86,88,90,92,94,96,98,100,102,104,106,108,110,112,114,116,118,120,122,124,126,128,130,132,134,136,138,140,142,144,146,148,150,152,154,156,158,160,162,164,166,168,170,172,174,176,178,180,182,184,186,188,190,192,160,9,144,0,192,64,38,34,20,34,50,70,83]
SNRdB=18.10,TXPdB=0
CFO=6590.467554255614,STO=6
SNRdB=18.04,TXPdB=0
packet_number=33,correct=False,payload=[0,1,2,3,4,5,6,7,8,9,10,11,12,13,14,15,16,17,18,19,20,21,22,23,24,25,26,27,28,29,30,31,32,33,34,35,36,37,38,39,40,41,42,43,44,45,46,47,48,49,50,51,52,53,54,55,56,57,58,59,60,61,62,63,64,65,66,67,68,69,70,71,72,73,74,75,76,77,78,79,80,81,82,83,84,85,86,87,88,89,90,91,92,93,94,95,92,16,2,200]
CFO=5813.7227893249155,STO=6
SNRdB=18.09,TXPdB=0
packet_number=34,correct=False,payload=[0,1,0,17,18,19,20,21,22,23,24,25,26,27,28,29,30,31,32,33,34,35,36,37,38,39,40,41,42,43,44,45,46,47,48,49,50,51,52,53,54,55,56,57,58,59,60,61,62,63,64,65,66,67,68,69,70,71,72,73,74,75,76,77,72,26,162,8,76,200,116,104,168,232,133,130,1,49,24,98,18,45,139,16,80,33,10,158,19,243,204,5,190,130,125,99,157,14,101,54]
CFO=10599.810415712947,STO=3
SNRdB=18.10,TXPdB=0
packet_number=35,correct=True,payload=[0,1,2,3,4,5,6,7,8,9,10,11,12,13,14,15,16,17,18,19,20,21,22,23,24,25,26,27,28,29,30,31,32,33,34,35,36,37,38,39,40,41,42,43,44,45,46,47,48,49,50,51,52,53,54,55,56,57,58,59,60,61,62,63,64,65,66,67,68,69,70,71,72,73,74,75,76,77,78,79,80,81,82,83,84,85,86,87,88,89,90,91,92,93,94,95,96,97,98,99]
CFO=5568.1476065853385,STO=7
SNRdB=18.11,TXPdB=0
packet_number=36,correct=True,payload=[0,1,2,3,4,5,6,7,8,9,10,11,12,13,14,15,16,17,18,19,20,21,22,23,24,25,26,27,28,29,30,31,32,33,34,35,36,37,38,39,40,41,42,43,44,45,46,47,48,49,50,51,52,53,54,55,56,57,58,59,60,61,62,63,64,65,66,67,68,69,70,71,72,73,74,75,76,77,78,79,80,81,82,83,84,85,86,87,88,89,90,91,92,93,94,95,96,97,98,99]
CFO=8171.542510627399,STO=1
SNRdB=18.12,TXPdB=0
packet_number=37,correct=True,payload=[0,1,2,3,4,5,6,7,8,9,10,11,12,13,14,15,16,17,18,19,20,21,22,23,24,25,26,27,28,29,30,31,32,33,34,35,36,37,38,39,40,41,42,43,44,45,46,47,48,49,50,51,52,53,54,55,56,57,58,59,60,61,62,63,64,65,66,67,68,69,70,71,72,73,74,75,76,77,78,79,80,81,82,83,84,85,86,87,88,89,90,91,92,93,94,95,96,97,98,99]
CFO=5784.640413021432,STO=7
SNRdB=18.19,TXPdB=0
packet_number=38,correct=False,payload=[0,1,2,3,4,5,6,7,8,9,10,11,12,13,14,15,16,17,18,19,20,21,22,23,24,25,26,27,28,29,30,31,32,33,38,6,38,70,102,134,166,198,231,7,39,71,103,135,167,199,232,8,58,10,42,74,106,138,170,202,235,11,43,75,107,139,171,203,236,12,34,140,192,160,0,128,2,48,177,128,74,161,20,202,40,110,2,154,224,122,22,51,112,48,129,65,223,84,43,36]
CFO=8916.02743833448,STO=4
SNRdB=18.13,TXPdB=0
packet_number=39,correct=True,payload=[0,1,2,3,4,5,6,7,8,9,10,11,12,13,14,15,16,17,18,19,20,21,22,23,24,25,26,27,28,29,30,31,32,33,34,35,36,37,38,39,40,41,42,43,44,45,46,47,48,49,50,51,52,53,54,55,56,57,58,59,60,61,62,63,64,65,66,67,68,69,70,71,72,73,74,75,76,77,78,79,80,81,82,83,84,85,86,87,88,89,90,91,92,93,94,95,96,97,98,99]
CFO=9881.2811554893,STO=2
packet_number=40,correct=True,payload=[0,1,2,3,4,5,6,7,8,9,10,11,12,13,14,15,16,17,18,19,20,21,22,23,24,25,26,27,28,29,30,31,32,33,34,35,36,37,38,39,40,41,42,43,44,45,46,47,48,49,50,51,52,53,54,55,56,57,58,59,60,61,62,63,64,65,66,67,68,69,70,71,72,73,74,75,76,77,78,79,80,81,82,83,84,85,86,87,88,89,90,91,92,93,94,95,96,97,98,99]
SNRdB=18.14,TXPdB=0
CFO=6994.605578577037,STO=2
SNRdB=18.18,TXPdB=0
packet_number=41,correct=True,payload=[0,1,2,3,4,5,6,7,8,9,10,11,12,13,14,15,16,17,18,19,20,21,22,23,24,25,26,27,28,29,30,31,32,33,34,35,36,37,38,39,40,41,42,43,44,45,46,47,48,49,50,51,52,53,54,55,56,57,58,59,60,61,62,63,64,65,66,67,68,69,70,71,72,73,74,75,76,77,78,79,80,81,82,83,84,85,86,87,88,89,90,91,92,93,94,95,96,97,98,99]
CFO=8471.741656935461,STO=4
SNRdB=18.21,TXPdB=0
packet_number=42,correct=False,payload=[0,1,2,3,4,5,6,7,8,9,10,11,12,13,14,15,16,17,18,19,20,21,22,23,24,25,26,27,28,29,30,31,32,33,34,35,36,37,38,39,40,41,42,43,44,45,46,47,48,49,50,51,50,82,146,211,19,83,147,212,20,84,148,213,21,85,149,214,22,86,150,215,23,87,151,216,24,88,152,240,198,91,151,212,110,28,63,5,84,132,121,78,222,115,117,144,140,210,18,20]
CFO=6007.24671308338,STO=1
SNRdB=18.24,TXPdB=0
packet_number=43,correct=False,payload=[0,1,2,3,4,5,6,7,8,9,10,11,12,13,14,15,16,17,18,19,20,21,22,23,24,25,26,27,28,29,30,31,32,33,34,35,36,37,38,39,40,41,42,43,44,45,46,47,48,49,50,51,52,53,54,55,56,57,58,59,60,61,62,63,64,65,66,67,68,69,99,1,148,1,128,64,128,226,16,8,44,186,94,46,106,8,62,56,96,177,232,62,213,72,217,98,112,16,5,194]
CFO=7162.205139885764,STO=5
SNRdB=18.20,TXPdB=0
packet_number=44,correct=True,payload=[0,1,2,3,4,5,6,7,8,9,10,11,12,13,14,15,16,17,18,19,20,21,22,23,24,25,26,27,28,29,30,31,32,33,34,35,36,37,38,39,40,41,42,43,44,45,46,47,48,49,50,51,52,53,54,55,56,57,58,59,60,61,62,63,64,65,66,67,68,69,70,71,72,73,74,75,76,77,78,79,80,81,82,83,84,85,86,87,88,89,90,91,92,93,94,95,96,97,98,99]
CFO=7915.117287800041,STO=4
packet_number=45,correct=False,payload=[0,1,2,3,4,5,6,7,8,9,10,11,12,13,14,15,16,17,18,19,20,21,22,23,24,25,26,27,28,29,30,31,32,33,34,35,36,37,38,39,40,41,42,43,44,45,46,47,48,55,155,111,223,252,12,108,28,120,228,17,8,49,80,201,100,57,37,42,56,155,97,73,73,65,128,12,96,105,185,19,167,190,194,106,80,22,40,96,2,67,9,244,76,232,42,185,10,0,36,25]
SNRdB=18.20,TXPdB=0
CFO=9748.206303160217,STO=4
SNRdB=18.21,TXPdB=0
packet_number=46,correct=False,payload=[0,1,2,3,4,5,6,7,8,9,10,11,12,13,14,15,16,17,18,19,20,21,22,23,24,25,26,27,28,29,30,31,32,33,34,35,36,37,38,39,40,41,42,43,44,45,46,47,48,49,50,51,52,53,54,55,56,57,58,59,60,61,62,63,64,65,66,67,68,69,70,71,72,73,74,75,76,77,78,79,80,81,82,83,84,85,86,87,88,89,90,91,64,0,74,37,9,14,0,128]
CFO=7607.087614199775,STO=4
SNRdB=18.27,TXPdB=0
packet_number=47,correct=False,payload=[0,1,2,3,4,5,6,7,8,9,10,11,12,13,14,15,16,17,18,19,20,21,22,23,24,25,26,27,28,29,30,31,32,33,34,35,36,37,38,39,40,41,42,43,44,45,46,47,48,49,50,51,52,53,54,55,56,57,58,59,60,61,62,34,82,146,211,19,3,147,212,20,20,148,85,20,84,149,214,22,22,150,87,23,87,151,216,8,88,152,240,192,194,66,200,68,14,230,8,204]
CFO=9703.608013792189,STO=0
SNRdB=18.22,TXPdB=0
packet_number=48,correct=False,payload=[0,1,2,3,4,5,6,7,8,9,10,11,12,13,14,15,16,17,18,19,20,21,22,23,24,25,26,27,28,29,30,31,32,33,34,35,36,37,38,39,40,41,42,43,44,45,46,47,48,49,50,51,52,53,54,55,56,57,58,59,60,61,62,63,64,65,102,219,91,38,254,50,118,56,97,91,213,127,141,195,138,9,69,203,244,158,195,188,122,226,57,50,220,38,0,37,216,167,197,185]
CFO=8612.608616742666,STO=3
SNRdB=18.23,TXPdB=0
packet_number=49,correct=True,payload=[0,1,2,3,4,5,6,7,8,9,10,11,12,13,14,15,16,17,18,19,20,21,22,23,24,25,26,27,28,29,30,31,32,33,34,35,36,37,38,39,40,41,42,43,44,45,46,47,48,49,50,51,52,53,54,55,56,57,58,59,60,61,62,63,64,65,66,67,68,69,70,71,72,73,74,75,76,77,78,79,80,81,82,83,84,85,86,87,88,89,90,91,92,93,94,95,96,97,98,99]
CFO=5587.000825969343,STO=0
SNRdB=17.81,TXPdB=0
packet_number=50,correct=True,payload=[0,1,2,3,4,5,6,7,8,9,10,11,12,13,14,15,16,17,18,19,20,21,22,23,24,25,26,27,28,29,30,31,32,33,34,35,36,37,38,39,40,41,42,43,44,45,46,47,48,49,50,51,52,53,54,55,56,57,58,59,60,61,62,63,64,65,66,67,68,69,70,71,72,73,74,75,76,77,78,79,80,81,82,83,84,85,86,87,88,89,90,91,92,93,94,95,96,97,98,99]
CFO=10671.793020465804,STO=5
SNRdB=18.24,TXPdB=0
packet_number=51,correct=False,payload=[0,4,6,8,10,12,14,16,18,20,22,24,26,28,30,32,34,36,38,52,70,72,74,76,78,80,82,84,86,88,90,92,94,96,98,100,102,104,106,108,110,112,114,116,118,120,122,124,126,130,80,64,0,9,8,193,1,64,2,104,48,233,192,162,3,145,10,198,244,12,152,90,24,162,65,74,88,200,4,57,66,124,249,88,179,2,120,76,27,218,228,73,6,229,201,81,27,20,66,3]
CFO=5726.134150955964,STO=1
SNRdB=18.32,TXPdB=0
packet_number=52,correct=True,payload=[0,1,2,3,4,5,6,7,8,9,10,11,12,13,14,15,16,17,18,19,20,21,22,23,24,25,26,27,28,29,30,31,32,33,34,35,36,37,38,39,40,41,42,43,44,45,46,47,48,49,50,51,52,53,54,55,56,57,58,59,60,61,62,63,64,65,66,67,68,69,70,71,72,73,74,75,76,77,78,79,80,81,82,83,84,85,86,87,88,89,90,91,92,93,94,95,96,97,98,99]
packet_number=53,correct=False,payload=[0,1,2,3,4,5,6,7,8,9,10,11,12,13,14,15,16,17,18,19,20,21,22,23,24,25,26,27,28,29,30,31,32,33,34,35,36,37,38,39,40,41,42,43,44,45,46,47,48,53,245,13,61,45,61,79,253,111,245,141,189,239,255,205,255,239,254,14,54,110,124,112,182,194,177,128,193,152,50,66,236,158,196,249,48,119,0,14,53,186,7,162,93,216,6,140,194,179,75,218]
CFO=5861.506128712155,STO=6
SNRdB=18.33,TXPdB=0
CFO=7241.178727845344,STO=1
packet_number=54,correct=False,payload=[0,1,2,3,4,5,6,7,8,9,10,11,12,13,14,15,16,17,18,19,20,21,22,23,24,25,26,27,28,29,30,31,32,33,34,35,36,37,38,39,40,41,42,43,44,45,46,47,48,49,50,51,52,53,54,55,56,57,58,59,60,61,62,63,64,65,66,67,68,69,70,71,72,73,74,75,76,77,78,106,172,174,176,178,180,182,184,186,188,190,192,194,196,199,134,69,205,2,62,10]
SNRdB=18.28,TXPdB=0
CFO=9250.986555693598,STO=4
SNRdB=18.33,TXPdB=0
packet_number=55,correct=False,payload=[0,1,2,3,4,5,6,7,8,9,10,11,12,13,14,15,16,17,18,19,20,21,22,23,24,25,26,27,28,29,30,31,32,33,34,35,36,37,38,39,40,41,42,43,44,45,46,47,48,49,50,51,52,53,54,55,174,46,175,47,176,48,177,49,225,144,136,101,72,10,66,30,18,22,81,202,62,108,33,82,139,5,88,80,140,81,87,9,118,48,9,214,71,193,208,81,26,35,176,227]
CFO=5660.312471698198,STO=7
SNRdB=18.31,TXPdB=0
packet_number=56,correct=False,payload=[0,1,2,3,4,5,6,7,8,9,10,11,12,13,14,15,16,17,18,19,20,21,22,23,24,0,64,0,0,128,192,0,64,0,65,1,1,129,196,4,6,4,68,4,76,132,198,6,14,6,71,7,7,135,192,0,0,0,64,0,0,128,194,0,64,16,65,1,1,129,192,0,0,0,64,16,0,144,194,2,2,2,67,3,3,132,170,151,8,72,84,136,98,129,22,75,82,178,140,40]
CFO=8964.803526744834,STO=5
SNRdB=18.28,TXPdB=0
packet_number=57,correct=False,payload=[0,1,2,3,4,5,6,7,8,9,10,11,12,13,14,15,16,17,18,19,20,21,22,23,24,25,26,27,28,29,30,31,32,33,34,35,36,37,38,39,40,41,42,43,44,45,46,47,48,49,50,51,52,53,54,55,56,57,58,59,60,61,62,63,64,65,66,67,68,69,70,71,72,73,74,75,76,77,78,79,80,81,82,83,84,85,86,87,88,89,90,91,92,92,209,50,172,96,16,207]
CFO=6136.560218182031,STO=0
packet_number=58,correct=False,payload=[0,1,2,3,4,5,6,7,8,9,10,11,12,13,14,15,16,17,18,19,20,21,22,23,24,25,26,27,28,29,30,31,32,33,34,35,36,37,38,39,40,41,42,43,44,45,46,47,48,49,50,51,52,53,54,55,56,57,58,59,60,61,62,63,64,65,66,67,68,147,208,20,84,144,65,0,21,133,210,22,70,150,199,23,7,151,216,8,88,136,240,69,23,47,17,81,109,16,104,140]
SNRdB=18.25,TXPdB=0
CFO=7649.09849510097,STO=1
SNRdB=18.17,TXPdB=0
packet_number=59,correct=False,payload=[0,1,2,3,4,5,6,7,8,9,10,11,12,13,14,15,16,17,18,19,20,21,22,23,24,25,26,27,28,29,30,31,32,33,34,35,36,37,38,39,40,41,42,43,44,45,46,47,48,49,50,51,52,53,54,55,56,57,58,59,60,61,62,63,64,65,66,67,18,3,2,20,78,97,128,6,15,40,238,18,158,243,101,142,248,169,124,33,96,49,129,97,6,66,140,39,133,92,33,105]
CFO=6043.743164867174,STO=7
SNRdB=18.24,TXPdB=0
packet_number=60,correct=False,payload=[0,1,2,3,4,5,6,7,8,9,10,11,12,13,14,15,16,17,18,19,20,21,22,23,24,25,26,27,28,29,30,31,32,33,34,35,36,37,38,39,40,41,42,43,44,45,46,47,48,49,50,51,52,53,54,55,56,57,58,57,181,197,213,229,246,6,22,38,60,50,130,2,2,198,0,48,5,0,146,36,96,99,104,178,82,40,48,17,152,67,114,56,242,177,14,205,72,74,190,48]
CFO=9497.575357478754,STO=1
SNRdB=18.17,TXPdB=0
packet_number=61,correct=True,payload=[0,1,2,3,4,5,6,7,8,9,10,11,12,13,14,15,16,17,18,19,20,21,22,23,24,25,26,27,28,29,30,31,32,33,34,35,36,37,38,39,40,41,42,43,44,45,46,47,48,49,50,51,52,53,54,55,56,57,58,59,60,61,62,63,64,65,66,67,68,69,70,71,72,73,74,75,76,77,78,79,80,81,82,83,84,85,86,87,88,89,90,91,92,93,94,95,96,97,98,99]
CFO=6500.819424124427,STO=7
SNRdB=18.21,TXPdB=0
packet_number=62,correct=True,payload=[0,1,2,3,4,5,6,7,8,9,10,11,12,13,14,15,16,17,18,19,20,21,22,23,24,25,26,27,28,29,30,31,32,33,34,35,36,37,38,39,40,41,42,43,44,45,46,47,48,49,50,51,52,53,54,55,56,57,58,59,60,61,62,63,64,65,66,67,68,69,70,71,72,73,74,75,76,77,78,79,80,81,82,83,84,85,86,87,88,89,90,91,92,93,94,95,96,97,98,99]
CFO=7750.6714714768295,STO=4
SNRdB=18.19,TXPdB=0
packet_number=63,correct=True,payload=[0,1,2,3,4,5,6,7,8,9,10,11,12,13,14,15,16,17,18,19,20,21,22,23,24,25,26,27,28,29,30,31,32,33,34,35,36,37,38,39,40,41,42,43,44,45,46,47,48,49,50,51,52,53,54,55,56,57,58,59,60,61,62,63,64,65,66,67,68,69,70,71,72,73,74,75,76,77,78,79,80,81,82,83,84,85,86,87,88,89,90,91,92,93,94,95,96,97,98,99]
CFO=10772.906382028765,STO=4
SNRdB=18.20,TXPdB=0
packet_number=64,correct=False,payload=[0,1,2,3,4,5,6,7,8,9,10,11,12,13,14,15,16,17,18,19,20,21,22,23,24,25,26,27,28,29,30,31,32,33,34,35,36,37,38,39,40,41,42,43,44,45,46,47,48,51,179,195,211,227,244,4,20,36,52,68,84,100,116,132,148,164,180,196,212,228,245,5,21,37,53,69,85,101,117,133,149,165,181,197,213,229,246,6,22,38,60,50,28,153,19,32,31,64,157,152]
CFO=6531.394007034081,STO=7
SNRdB=18.23,TXPdB=0
packet_number=65,correct=False,payload=[0,1,2,3,4,5,6,7,8,9,10,11,12,13,14,15,16,17,18,19,20,21,22,23,24,25,148,20,149,21,150,22,151,23,152,24,153,25,154,26,155,27,156,29,164,36,165,37,166,38,167,39,168,40,169,41,170,42,171,43,172,44,173,45,174,46,175,47,176,48,177,49,225,145,8,4,104,4,11,2,129,165,225,153,28,69,22,247,133,50,10,33,82,238,246,188,92,201,135,117]
packet_number=66,correct=True,payload=[0,1,2,3,4,5,6,7,8,9,10,11,12,13,14,15,16,17,18,19,20,21,22,23,24,25,26,27,28,29,30,31,32,33,34,35,36,37,38,39,40,41,42,43,44,45,46,47,48,49,50,51,52,53,54,55,56,57,58,59,60,61,62,63,64,65,66,67,68,69,70,71,72,73,74,75,76,77,78,79,80,81,82,83,84,85,86,87,88,89,90,91,92,93,94,95,96,97,98,99]
CFO=10736.570724281682,STO=6
SNRdB=18.21,TXPdB=0
CFO=5801.043776359387,STO=0
SNRdB=18.27,TXPdB=0
packet_number=67,correct=True,payload=[0,1,2,3,4,5,6,7,8,9,10,11,12,13,14,15,16,17,18,19,20,21,22,23,24,25,26,27,28,29,30,31,32,33,34,35,36,37,38,39,40,41,42,43,44,45,46,47,48,49,50,51,52,53,54,55,56,57,58,59,60,61,62,63,64,65,66,67,68,69,70,71,72,73,74,75,76,77,78,79,80,81,82,83,84,85,86,87,88,89,90,91,92,93,94,95,96,97,98,99]
CFO=6556.530526135805,STO=1
SNRdB=18.25,TXPdB=0
packet_number=68,correct=True,payload=[0,1,2,3,4,5,6,7,8,9,10,11,12,13,14,15,16,17,18,19,20,21,22,23,24,25,26,27,28,29,30,31,32,33,34,35,36,37,38,39,40,41,42,43,44,45,46,47,48,49,50,51,52,53,54,55,56,57,58,59,60,61,62,63,64,65,66,67,68,69,70,71,72,73,74,75,76,77,78,79,80,81,82,83,84,85,86,87,88,89,90,91,92,93,94,95,96,97,98,99]
CFO=5990.388952438142,STO=7
packet_number=69,correct=True,payload=[0,1,2,3,4,5,6,7,8,9,10,11,12,13,14,15,16,17,18,19,20,21,22,23,24,25,26,27,28,29,30,31,32,33,34,35,36,37,38,39,40,41,42,43,44,45,46,47,48,49,50,51,52,53,54,55,56,57,58,59,60,61,62,63,64,65,66,67,68,69,70,71,72,73,74,75,76,77,78,79,80,81,82,83,84,85,86,87,88,89,90,91,92,93,94,95,96,97,98,99]
SNRdB=18.30,TXPdB=0
CFO=9298.355814862407,STO=4
SNRdB=18.32,TXPdB=0
packet_number=70,correct=False,payload=[0,1,2,3,4,5,6,7,8,9,10,11,12,13,14,15,16,17,18,19,20,21,22,23,24,25,26,27,28,29,30,31,32,33,34,35,36,37,38,39,40,41,42,43,44,45,46,47,48,49,210,18,82,146,211,19,83,147,212,20,84,148,213,21,85,149,214,22,86,150,215,23,87,151,216,24,88,152,240,202,193,4,88,194,62,122,14,79,131,160,163,17,144,1,129,170,93,10,69,113]
packet_number=71,correct=False,payload=[14,15,16,17,18,19,20,21,22,23,24,25,26,27,28,29,30,31,32,33,34,35,36,37,38,39,40,41,42,43,44,45,46,47,48,49,50,51,52,53,54,55,56,57,58,59,60,61,62,63,64,65,66,90,156,158,160,162,164,166,168,170,172,174,176,178,180,182,184,186,188,190,192,194,196,199,134,1,0,12,64,154,138,69,232,73,89,8,74,29,146,64,234,98,244,227,115,37,186,179]
CFO=7992.8846833249445,STO=2
SNRdB=18.29,TXPdB=0
CFO=6506.469508387843,STO=1
SNRdB=18.35,TXPdB=0
packet_number=72,correct=False,payload=[0,1,2,3,4,5,6,7,8,9,10,11,12,13,14,15,16,17,18,19,20,21,22,23,24,25,26,27,28,29,30,31,32,33,34,35,36,37,38,39,40,41,42,43,41,161,169,177,185,193,201,209,217,225,233,241,250,2,10,18,26,34,42,50,58,66,74,82,90,98,106,114,122,131,20,40,12,70,108,184,39,1,219,91,125,108,14,51,158,41,192,8,0,1,0,100,25,64,50,194]
CFO=6940.933572624123,STO=2
SNRdB=18.33,TXPdB=0
packet_number=73,correct=True,payload=[0,1,2,3,4,5,6,7,8,9,10,11,12,13,14,15,16,17,18,19,20,21,22,23,24,25,26,27,28,29,30,31,32,33,34,35,36,37,38,39,40,41,42,43,44,45,46,47,48,49,50,51,52,53,54,55,56,57,58,59,60,61,62,63,64,65,66,67,68,69,70,71,72,73,74,75,76,77,78,79,80,81,82,83,84,85,86,87,88,89,90,91,92,93,94,95,96,97,98,99]
CFO=9622.655093929381,STO=7
SNRdB=18.28,TXPdB=0
packet_number=74,correct=False,payload=[0,132,36,68,100,132,164,196,229,5,37,69,101,133,165,197,230,6,38,70,102,134,166,198,231,7,39,71,103,135,167,199,232,8,40,72,104,136,168,200,233,9,41,73,105,137,169,201,234,10,42,74,106,138,170,202,235,11,43,75,107,139,171,203,236,12,44,76,120,98,23,46,54,178,16,78,10,207,158,135,139,182,114,28,23,40,33,30,131,62,132,66,129,42,135,1,68,183,38,50]
CFO=6789.698006201885,STO=1
SNRdB=18.26,TXPdB=0
packet_number=75,correct=True,payload=[0,1,2,3,4,5,6,7,8,9,10,11,12,13,14,15,16,17,18,19,20,21,22,23,24,25,26,27,28,29,30,31,32,33,34,35,36,37,38,39,40,41,42,43,44,45,46,47,48,49,50,51,52,53,54,55,56,57,58,59,60,61,62,63,64,65,66,67,68,69,70,71,72,73,74,75,76,77,78,79,80,81,82,83,84,85,86,87,88,89,90,91,92,93,94,95,96,97,98,99]
CFO=5872.955707627082,STO=4
SNRdB=18.28,TXPdB=0
packet_number=76,correct=True,payload=[0,1,2,3,4,5,6,7,8,9,10,11,12,13,14,15,16,17,18,19,20,21,22,23,24,25,26,27,28,29,30,31,32,33,34,35,36,37,38,39,40,41,42,43,44,45,46,47,48,49,50,51,52,53,54,55,56,57,58,59,60,61,62,63,64,65,66,67,68,69,70,71,72,73,74,75,76,77,78,79,80,81,82,83,84,85,86,87,88,89,90,91,92,93,94,95,96,97,98,99]
CFO=6988.483547214721,STO=1
SNRdB=18.20,TXPdB=0
packet_number=77,correct=False,payload=[0,1,2,3,4,5,6,7,8,9,10,11,12,13,14,15,16,17,18,19,20,21,22,23,24,25,26,27,28,29,30,31,32,33,34,35,36,37,38,39,40,41,42,43,44,45,46,47,48,49,50,51,52,53,54,55,56,57,58,59,60,61,62,63,64,65,154,162,170,178,186,194,202,210,218,226,234,242,251,3,11,19,30,25,10,44,184,197,151,28,52,93,69,151,187,209,207,6,234,129]
CFO=8228.901870094734,STO=6
SNRdB=18.20,TXPdB=0
packet_number=78,correct=True,payload=[0,1,2,3,4,5,6,7,8,9,10,11,12,13,14,15,16,17,18,19,20,21,22,23,24,25,26,27,28,29,30,31,32,33,34,35,36,37,38,39,40,41,42,43,44,45,46,47,48,49,50,51,52,53,54,55,56,57,58,59,60,61,62,63,64,65,66,67,68,69,70,71,72,73,74,75,76,77,78,79,80,81,82,83,84,85,86,87,88,89,90,91,92,93,94,95,96,97,98,99]
CFO=8639.26722452818,STO=1
SNRdB=18.16,TXPdB=0
packet_number=79,correct=True,payload=[0,1,2,3,4,5,6,7,8,9,10,11,12,13,14,15,16,17,18,19,20,21,22,23,24,25,26,27,28,29,30,31,32,33,34,35,36,37,38,39,40,41,42,43,44,45,46,47,48,49,50,51,52,53,54,55,56,57,58,59,60,61,62,63,64,65,66,67,68,69,70,71,72,73,74,75,76,77,78,79,80,81,82,83,84,85,86,87,88,89,90,91,92,93,94,95,96,97,98,99]
CFO=10321.862507900973,STO=4
SNRdB=18.12,TXPdB=0
packet_number=80,correct=False,payload=[0,1,2,48,56,64,72,80,88,96,104,112,120,128,136,144,152,160,168,176,184,192,200,208,216,224,232,240,249,1,9,17,25,33,41,49,57,65,73,81,89,97,105,113,121,129,137,145,153,161,169,177,185,193,201,209,216,100,116,128,132,32,164,196,212,197,225,0,4,32,37,64,17,96,113,129,21,161,33,197,129,193,228,4,4,38,56,32,0,64,0,0,114,4,102,2,1,65,177,6]
CFO=5712.0587437601225,STO=6
SNRdB=18.17,TXPdB=0
packet_number=81,correct=False,payload=[0,1,2,3,4,5,6,7,8,0,104,112,120,128,136,144,152,160,168,176,184,192,200,208,216,224,232,240,249,1,9,17,25,33,41,49,57,65,73,81,89,97,105,113,121,129,137,145,153,161,169,177,185,193,201,209,217,225,233,241,250,2,10,68,212,228,245,5,21,37,53,69,85,101,117,133,149,165,181,197,213,229,246,6,22,38,60,48,1,11,18,53,88,41,138,194,209,98,66,77]
CFO=6123.348071006288,STO=6
SNRdB=17.63,TXPdB=0
packet_number=82,correct=True,payload=[0,1,2,3,4,5,6,7,8,9,10,11,12,13,14,15,16,17,18,19,20,21,22,23,24,25,26,27,28,29,30,31,32,33,34,35,36,37,38,39,40,41,42,43,44,45,46,47,48,49,50,51,52,53,54,55,56,57,58,59,60,61,62,63,64,65,66,67,68,69,70,71,72,73,74,75,76,77,78,79,80,81,82,83,84,85,86,87,88,89,90,91,92,93,94,95,96,97,98,99]
CFO=5848.9196078916375,STO=7
SNRdB=18.16,TXPdB=0
packet_number=83,correct=False,payload=[0,1,2,3,4,5,6,7,8,9,10,11,12,13,14,13,177,161,177,193,243,227,242,2,22,98,50,70,82,226,115,130,178,163,182,194,214,226,243,3,51,39,51,71,83,99,243,131,147,167,184,65,144,152,134,116,0,210,223,194,240,160,45,111,116,37,171,200,147,199,184,216,240,147,25,17,247,171,145,1,10,150,6,25,146,64,202,142,209,218,66,133,32,251,165,186,1,115,197,92]
CFO=8484.76834550249,STO=4
SNRdB=18.07,TXPdB=0
packet_number=84,correct=True,payload=[0,1,2,3,4,5,6,7,8,9,10,11,12,13,14,15,16,17,18,19,20,21,22,23,24,25,26,27,28,29,30,31,32,33,34,35,36,37,38,39,40,41,42,43,44,45,46,47,48,49,50,51,52,53,54,55,56,57,58,59,60,61,62,63,64,65,66,67,68,69,70,71,72,73,74,75,76,77,78,79,80,81,82,83,84,85,86,87,88,89,90,91,92,93,94,95,96,97,98,99]
CFO=10023.89835127132,STO=7
SNRdB=18.07,TXPdB=0
packet_number=85,correct=False,payload=[0,1,2,3,4,5,6,7,8,9,10,11,12,13,14,15,16,17,18,19,20,21,22,23,24,25,26,27,28,29,30,31,32,33,34,35,36,37,38,39,40,41,42,43,44,45,46,47,48,49,50,51,52,53,54,52,12,209,44,9,141,58,18,165,161,67,129,115,115,228,107,14,28,71,5,136,5,3,49,53,108,24,6,10,176,135,90,59,102,129,0,1,168,64,223,172,0,248,150,50]
CFO=9272.308129552655,STO=1
SNRdB=18.11,TXPdB=0
packet_number=86,correct=False,payload=[0,1,2,3,4,5,6,7,8,9,10,11,12,13,14,15,16,17,18,19,20,21,22,23,24,25,26,27,28,29,30,31,32,33,34,35,36,37,38,39,40,41,42,43,44,45,46,47,48,49,50,51,52,53,54,55,56,57,58,59,60,61,62,63,64,65,83,19,83,147,212,20,84,148,213,21,85,149,214,22,86,150,215,23,87,151,216,24,88,152,240,200,20,2,52,18,96,64,40,137]
CFO=5818.755310650877,STO=6
SNRdB=18.16,TXPdB=0
packet_number=87,correct=False,payload=[0,1,2,3,4,5,6,7,8,9,10,11,12,13,14,15,16,17,18,19,20,21,22,23,24,25,26,27,28,29,30,31,32,33,34,35,36,37,38,39,40,41,42,43,44,45,46,47,48,49,50,51,52,53,54,55,56,57,58,59,60,61,62,63,64,65,66,67,68,69,70,71,72,73,74,75,76,77,78,79,80,81,82,83,84,85,86,87,88,89,90,91,92,93,94,95,96,97,98,99]
CFO=5824.129341435338,STO=6
SNRdB=18.15,TXPdB=0
packet_number=88,correct=True,payload=[0,1,2,3,4,5,6,7,8,9,10,11,12,13,14,15,16,17,18,19,20,21,22,23,24,25,26,27,28,29,30,31,32,33,34,35,36,37,38,39,40,41,42,43,44,45,46,47,48,49,50,51,52,53,54,55,56,57,58,59,60,61,62,63,64,65,66,67,68,69,70,71,72,73,74,75,76,77,78,79,80,81,82,83,84,85,86,87,88,89,90,91,92,93,94,95,96,97,98,99]
CFO=7050.632102518836,STO=5
packet_number=89,correct=False,payload=[0,1,2,3,4,5,6,7,8,9,10,11,12,13,14,15,16,17,18,19,20,21,22,23,24,25,26,27,28,29,30,31,32,33,34,35,36,37,38,39,40,41,42,43,44,45,46,47,48,49,50,51,52,53,54,55,56,57,58,59,60,61,62,63,64,65,66,67,68,69,70,71,72,73,74,75,76,77,78,79,80,81,82,83,84,85,86,87,88,89,90,91,92,93,94,95,96,97,98,99]
SNRdB=18.15,TXPdB=0
CFO=10049.74872000505,STO=6
SNRdB=18.10,TXPdB=0
packet_number=90,correct=False,payload=[0,1,2,3,4,5,6,7,8,9,10,11,12,13,14,15,16,17,18,19,20,21,22,23,24,25,26,27,28,29,30,31,32,33,41,49,57,65,73,81,89,97,105,113,121,129,137,145,153,161,169,177,42,50,58,66,74,82,90,98,106,114,122,130,138,146,154,162,170,178,186,194,202,210,218,226,234,242,251,3,11,19,30,25,14,135,172,9,164,132,24,0,203,144,89,80,70,206,138,23]
packet_number=91,correct=True,payload=[0,1,2,3,4,5,6,7,8,9,10,11,12,13,14,15,16,17,18,19,20,21,22,23,24,25,26,27,28,29,30,31,32,33,34,35,36,37,38,39,40,41,42,43,44,45,46,47,48,49,50,51,52,53,54,55,56,57,58,59,60,61,62,63,64,65,66,67,68,69,70,71,72,73,74,75,76,77,78,79,80,81,82,83,84,85,86,87,88,89,90,91,92,93,94,95,96,97,98,99]
CFO=6937.348197628558,STO=6
SNRdB=17.68,TXPdB=0
CFO=10992.864086512564,STO=4
SNRdB=18.10,TXPdB=0
packet_number=92,correct=False,payload=[0,1,2,3,4,5,6,7,8,9,10,11,12,13,14,15,16,17,18,19,20,21,22,23,24,25,26,27,28,29,30,31,32,33,34,35,36,37,38,39,40,41,42,43,44,45,46,47,48,49,40,129,41,214,111,198,156,202,213,1,12,177,81,74,64,239,122,96,8,18,224,44,45,146,62,0,79,4,219,73,0,0,49,15,218,27,128,118,28,45,208,5,48,72,134,132,162,85,9,16]
packet_number=93,correct=False,payload=[0,1,2,3,4,5,6,7,8,9,10,11,12,13,14,15,16,17,18,19,20,21,22,23,24,25,26,27,28,29,30,31,32,33,34,35,36,37,38,39,40,41,42,43,44,45,46,14,78,142,207,15,79,143,208,16,80,144,209,17,81,145,210,18,91,2,10,66,67,139,139,195,200,12,8,72,112,64,1,209,2,192,0,34,2,98,196,166,161,65,119,18,187,153,27,32,1,128,110,70]
