CFO=2983.3170618436343,STO=0
SNRdB=8.79,TXPdB=-10
packet_number=1,correct=False,payload=[141,37,64,0,64,137,67,9,65,129,194,2,66,130,195,3,67,131,196,4,196,132,197,5,71,133,198,6,70,135,199,7,71,135,200,8,72,152,201,9,201,137,202,10,74,138,203,11,75,139,204,12,76,140,205,13,77,141,206,14,78,143,223,15,79,143,208,16,208,144,241,19,83,147,210,50,82,146,211,23,115,151,212,20,116,180,213,21,93,149,214,22,86,150,215,23,87,151,216,24]
CFO=-1027.7409360052804,STO=3
SNRdB=6.58,TXPdB=-10
packet_number=2,correct=False,payload=[219,85,118,247,177,214,177,95,151,245,127,223,181,246,55,215,159,215,215,247,151,250,56,88,249,241,203,38,114,108,134,159,237,73,102,236,238,222,161,156,25,135,218,192,199,210,174,183,234,226,108,15,200,150,168,57,255,59,192,228,118,255,222,250,251,251,135,41,202,124,203,50,109,189,126,151,240,122,170,28,82,213,79,29,97,172,220,239,111,234,188,69,241,240,188,222,190,215,158,255]
CFO=440.47964069707916,STO=7
SNRdB=4.88,TXPdB=-10
packet_number=3,correct=False,payload=[107,77,107,139,171,203,236,12,44,76,120,100,43,214,104,12,140,8,211,217,157,208,110,111,107,94,162,105,44,17,252,14,94,219,140,80,252,245,50,96,249,50,139,115,135,129,230,131,128,44,23,68,187,136,185,161,43,30,1,243,88,90,129,177,69,41,50,41,207,102,236,5,38,239,81,56,0,116,75,26,116,114,132,247,30,6,101,176,11,214,53,228,7,215,45,223,56,171,71,106]
CFO=1757.0400764577005,STO=2
SNRdB=8.25,TXPdB=-10
packet_number=4,correct=False,payload=[87,24,102,104,112,120,128,136,144,152,160,168,176,184,192,200,208,216,224,232,240,249,1,9,17,25,33,41,49,57,65,73,81,89,97,105,113,121,129,137,145,153,177,169,177,185,193,201,209,219,225,249,241,250,2,10,18,26,34,42,50,58,66,74,82,90,98,106,114,122,130,138,146,154,162,170,178,186,194,202,210,218,226,234,242,251,3,11,19,30,24,32,192,15,135,229,132,73,75,178]
CFO=-2491.975308772112,STO=4
SNRdB=8.95,TXPdB=-10
packet_number=5,correct=False,payload=[70,220,207,248,94,220,94,249,214,252,254,252,222,252,254,228,247,253,111,234,126,236,111,240,254,253,255,248,254,252,255,195,147,157,143,250,158,156,159,185,182,189,190,156,191,157,191,233,227,237,238,187,191,255,255,251,247,255,191,191,255,189,255,227,207,204,207,174,158,247,27,131,243,5,43,69,162,90,129,169,46,99,98,197,164,231,90,151,222,175,95,219,169,149,187,185,48,27,179,206]
CFO=-3475.6370972181535,STO=0
SNRdB=9.40,TXPdB=-10
packet_number=6,correct=False,payload=[255,187,255,251,190,187,243,255,255,254,63,191,191,188,189,191,255,190,191,191,191,226,243,251,243,231,71,231,103,252,237,239,111,254,111,239,239,248,121,251,123,247,125,223,255,252,253,255,255,254,127,255,255,227,113,247,115,251,182,239,238,67,109,251,123,203,210,70,240,119,190,234,106,38,169,116,53,245,111,237,55,31,208,198,180,140,201,237,209,11,246,201,39,41,232,160,179,134,238,78]
CFO=-1903.5053012111807,STO=2
SNRdB=8.53,TXPdB=-10
packet_number=7,correct=False,payload=[220,253,105,112,109,160,136,146,186,160,236,177,184,196,205,208,218,225,232,248,249,193,89,17,25,229,43,51,185,67,75,219,251,101,107,247,123,137,169,145,185,227,249,177,185,227,219,211,217,237,239,243,250,66,14,186,154,99,58,54,62,82,202,242,250,238,234,118,122,194,142,186,190,243,170,182,255,210,218,210,218,230,251,246,251,103,27,151,30,27,125,253,161,115,255,54,158,121,189,193]
CFO=3760.9597120589738,STO=3
SNRdB=8.14,TXPdB=-10
packet_number=8,correct=False,payload=[0,17,132,1,188,40,124,48,102,120,126,120,126,124,126,192,196,204,206,216,94,220,222,160,242,124,222,120,254,28,126,224,230,236,206,216,238,252,254,240,246,240,254,248,250,248,126,129,131,141,142,153,159,157,159,161,183,189,183,185,183,189,191,193,103,205,237,249,223,189,223,241,247,237,255,249,247,125,255,193,135,205,207,142,22,86,176,130,204,110,196,68,187,181,57,94,184,158,207,232]
CFO=-2951.5792123409624,STO=7
SNRdB=8.92,TXPdB=-10
packet_number=9,correct=False,payload=[95,118,181,175,103,198,168,111,126,62,241,50,60,190,122,190,62,126,80,198,70,87,204,203,204,207,118,242,244,255,121,94,124,126,228,238,237,238,232,234,108,110,112,254,124,254,248,255,125,254,130,131,157,135,139,175,157,175,181,178,156,183,153,154,189,159,246,171,172,239,233,254,172,239,176,247,247,246,185,191,189,191,192,211,196,199,174,152,33,134,148,123,38,84,120,213,233,189,178,45]
