1600
0300
0100
0000
0000
0100
0000
0000
0000
0000
0000
0000
0000
0000
0000
0000
0000
0100
0200
0b00
0b00
0300
0200
0100
0000
0100
0000
0000
0000
0000
0000
0000
0000
0000
0100
0100
0000
0200
0c00
1500
1100
0300
0100
0000
0000
0000
0000
0000
0000
0000
0000
0000
0000
0000
0000
0000
0100
0f00
0d00
0800
0b00
0600
0100
0100
0000
0000
0000
0000
0000
0000
0000
0000
0000
0000
0000
0000
0100
0900
0900
0100
0f00
0400
0200
0000
0000
0000
0000
0000
0000
0000
0000
0000
0000
0000
0000
0000
0000
0600
0c00
1600
0e00
0300
0100
0100
0200
0100
0000
0000
0000
0000
0000
0000
0000
0000
0000
0000
0100
0700
0700
1400
1600
0200
0100
0000
0000
0000
0000
0000
0000
0000
0000
0000
0000
0000
0000
0000
0000
0800
1000
1200
0800
0400
0100
0000
0000
0100
0000
0000
0000
0000
0000
0000
0000
0000
0000
0000
0100
0800
0800
0d00
1200
0200
0100
0000
0000
0100
0000
0000
0000
0000
0000
0000
0000
0100
0000
0000
0700
1100
1300
1500
0900
0100
0200
0000
0000
0000
0000
0000
0000
0000
0000
0000
0000
0200
0000
0000
0400
0d00
0900
0a00
1200
0300
0100
0000
0000
0000
0000
0000
0000
0000
0000
0000
0000
0100
0000
0000
0600
0c00
0800
0d00
0c00
0200
0200
0000
0000
0000
0000
0000
0000
0000
0000
0000
0000
0200
0000
0100
0500
0a00
0800
0900
1300
0400
0100
0000
0000
0000
0000
0000
0000
0000
0000
0000
0000
0000
0000
0000
0400
0700
0300
0300
0900
0400
0200
0100
0100
0100
0000
0000
0000
0000
0000
0000
0000
0000
0000
0000
0300
0700
0a00
1000
1100
0200
0100
0000
0100
0000
0000
0000
0000
0000
0000
0000
0000
0000
0000
0000
0400
0800
0900
0a00
0e00
0300
0000
0000
0000
0000
0000
0000
0000
0000
0000
0200
0000
0000
0000
0000
0300
0600
0400
0300
0e00
0300
0200
0000
0000
0000
0400
0100
0000
0000
0000
0500
0500
0000
0100
0000
0100
0200
0100
0000
1100
0400
0100
0100
0000
0000
0200
0100
0000
0000
0000
0a00
1500
0100
0100
0000
0000
0000
0000
0200
1600
0400
0200
0000
0000
0000
0200
0000
0100
0000
0000
0700
1300
0200
0100
0000
0000
0000
0000
0000
0b00
0400
0100
0100
0000
0200
0400
0300
0100
0000
0000
0600
0f00
0300
0000
0000
0000
0000
0000
0000
1500
0300
0200
0000
0000
0100
0200
0100
0000
0000
0000
0400
0f00
2200
0100
0000
0000
0000
0000
0000
0c00
0400
0200
0000
0000
0000
0000
0000
0000
0000
0100
0200
1200
3d00
0e00
0200
0000
0000
0000
0200
0e00
0500
0100
0200
0200
0000
0000
0100
0000
0000
0200
0000
0300
1700
1800
0400
0000
0000
0000
0400
0c00
0100
0000
0100
0000
0000
0000
0000
0000
0000
0100
0000
0100
1200
3300
0300
0000
0100
0200
0300
1300
0400
0200
0000
0000
0100
0100
0000
0000
0000
0000
0000
0300
4600
3600
0200
0000
0000
0100
0500
0a00
0300
0200
0000
0200
0000
0000
0000
0000
0000
0000
0000
0100
2000
2300
0100
0000
0000
0200
0b00
1200
0200
0100
0100
0000
0000
0100
0000
0000
0000
0100
0000
0700
1e00
1500
0200
0000
0000
0300
0900
1000
0400
0200
0100
0000
0000
0100
0100
0000
0000
0100
0000
0c00
1d00
1200
0200
0100
0200
0200
0400
1200
0500
0200
0100
0000
0100
0000
0000
0000
0000
0000
0000
0700
2000
1300
0100
0100
0300
0500
0900
0a00
0200
0200
0100
0000
0000
0000
0000
0000
0000
0000
0000
0800
1d00
1000
0200
0200
0500
0600
1300
1200
0400
0300
0000
0000
0000
0000
0000
0000
0100
0000
0000
0600
1900
0e00
0300
0200
0400
0500
0800
0c00
0400
0300
0200
0100
0000
0000
0100
0000
0000
0000
0000
0100
1100
0800
0200
0200
0200
0100
0400
1000
0200
0100
0000
0000
0000
0000
0000
0000
0000
0000
0000
0200
1000
0700
0100
0300
0700
0400
0500
0a00
0400
0100
0000
0000
0100
0000
0000
0000
0000
0000
0000
0100
0b00
0a00
0400
0500
0500
0300
0300
1300
0400
0200
0000
0000
0100
0000
0000
0000
0000
0000
0000
0000
0500
0300
0300
0200
0400
0200
0300
0700
0200
0200
0000
0100
0000
0000
0000
0000
0000
0000
0000
0000
0000
0200
0200
0100
0100
0100
0100
1500
0200
0200
0200
0100
0000
0000
0000
0000
0000
0000
0000
0000
0100
0100
0100
0100
0100
0000
0100
0800
0200
0100
0000
0000
0000
0000
0000
0000
0000
0000
0000
0000
0000
0000
0000
0000
0000
0100
0000
1600
0300
0100
0000
0000
0100
0000
0000
0000
0000
0000
0000
0000
0000
0000
0000
0000
0000
0000
0100
0c00
0400
0100
0100
0000
0000
0000
0000
0000
0000
0000
0000
0000
0000
0000
0000
0000
0000
0000
0100
1500
0500
0100
0000
0000
0000
0000
0000
0000
0000
0000
0000
0000
0000
0000
0000
0000
0000
0000
0000
0c00
0300
0100
0000
0000
0000
0000
0000
0000
0000
0000
0000
0000
0000
0000
0000
0000
0000
0000
0000
1200
0200
0200
0200
0100
0000
0000
0000
0000
0000
0000
0000
0000
0000
0000
0000
0000
0000
0000
0100
0900
0300
0200
0100
0000
0000
0000
0000
0000
0000
0000
0000
0000
0100
0000
0000
0000
0000
0000
0000
1000
0200
0100
0000
0000
0000
0000
0000
0000
0000
0000
0000
0000
0000
0000
0000
0000
0000
0000
0000
1000
0400
0100
0000
0000
0000
0000
0000
0000
0000
0000
0000
0100
0000
0000
0000
0000
0000
0000
0100
1300
0400
0200
0000
0100
0000
0000
0000
0100
0000
0000
0000
0000
0000
0000
0000
0000
0000
0000
0100
0500
0100
0000
0000
0000
0000
0000
0000
0000
0000
0000
0000
0000
0000
0000
0000
0000
0000
0000
0000
1900
0300
0100
0100
0000
0000
0000
0000
0000
0000
0000
0000
0000
0100
0100
0000
0000
0000
0000
0000
0700
0300
0100
0000
0000
0000
0000
0000
0000
0000
0000
0000
0000
0100
0100
0000
0000
0000
0000
0000
1000
0400
0100
0000
0000
0000
0000
0000
0000
0000
0000
0000
0000
0000
0000
0000
0000
0000
0000
0000
0b00
0300
0100
0000
0000
0000
0000
0000
0000
0000
0000
0000
0000
0000
0000
0000
0000
0000
0000
0000
1700
0400
0100
0000
0000
0000
0000
0000
0000
0000
0000
0000
0000
0000
0000
0000
0000
0000
0000
0000
0700
0400
0300
0100
0000
0000
0000
0000
0000
0000
0000
0000
0000
0000
0000
0000
0000
0000
0000
0000
1300
0400
0400
0000
0000
0000
0100
0000
0000
0000
0000
0000
0000
0000
0000
0000
0000
0000
0000
0000
0f00
0700
0200
0200
0100
0000
0000
0000
0000
0000
0000
0000
0000
0000
0000
0000
0000
0000
0000
0000
1200
0100
0000
0000
0100
0000
0100
0000
0000
0000
0000
0000
0100
0000
0000
0100
0000
0000
0000
0000
0d00
0300
0100
0000
0000
0000
0000
0000
0000
0000
0000
0000
0000
0000
0000
0000
0000
0000
0000
0000
1300
0400
0200
0100
0100
0000
0000
0000
0000
0100
0000
0000
0000
0000
0000
0000
0000
0000
0000
0000
0f00
0400
0200
0000
0000
0000
0000
0000
0000
0000
0000
0000
0000
0000
0000
0000
0000
0000
0000
0100
1300
0300
0000
0000
0000
0000
0100
0000
0000
0000
0000
0000
0000
0000
0000
0000
0000
0000
0000
0000
0c00
0100
0000
0000
0100
0100
0000
0000
0000
0000
0000
0000
0000
0000
0000
0000
0000
0000
0000
0100
0d00
0300
0200
0100
0100
0100
0000
0000
0000
0000
0000
0000
0000
0000
0000
0000
0000
0000
0000
0100
0a00
0500
0300
0200
0000
0000
0000
0000
0000
0000
0000
0000
0000
0000
0000
0000
0000
0000
0000
0000
1500
0400
0200
0000
0000
0000
0000
0000
0000
0000
0000
0000
0000
0000
0000
0000
0000
0000
0000
0100
0a00
0400
0200
0000
0000
0000
0000
0000
0000
0000
0000
0000
0000
0000
0000
0000
0000
0000
0100
0000
1400
0300
0100
0000
0000
0000
0000
0000
0000
0000
0000
0000
0000
0000
0000
0000
0000
0000
0100
0100
0900
0200
0200
0200
0100
0000
0000
0000
0000
0000
0000
0000
0000
0000
0000
0000
0000
0000
0100
0000
1300
0500
0200
0000
0000
0000
0000
0000
0000
0000
0000
0000
0000
0000
0000
0000
0000
0000
0100
0100
0c00
0300
0300
0000
0000
0000
0100
0300
0200
0200
0100
0000
0000
0000
0000
0000
0000
0000
0000
0300
0f00
0200
0000
0000
0000
0000
0000
0000
0000
0000
0000
0000
0000
0000
0100
0000
0000
0000
0000
0300
0700
0400
0100
0000
0000
0000
0000
0000
0000
0000
0000
0000
0000
0000
0000
0000
0000
0000
0000
0300
1100
0400
0300
0100
0000
0000
0000
0000
0000
0000
0000
0000
0000
0000
0000
0000
0000
0000
0000
0300
1100
0300
0100
0100
0100
0000
0000
0000
0000
0000
0000
0000
0000
0000
0000
0000
0000
0000
0000
0300
1100
0500
0100
0100
0100
0000
0100
0000
0000
0000
0000
0000
0000
0000
0000
0000
0000
0000
0000
0400
0b00
0300
0200
0200
0200
0200
0100
0200
0000
0000
0000
0000
0000
0000
0000
0000
0000
0000
0000
0300
1500
0300
0000
0000
0000
0000
0000
0000
0000
0000
0000
0000
0000
0000
0000
0000
0000
0000
0000
0500
0800
0200
0200
0000
0000
0000
0000
0000
0000
0000
0000
0000
0000
0000
0000
0000
0000
0000
0000
0200
0d00
0200
0000
0000
0000
0000
0000
0000
0000
0000
0000
0000
0000
0000
0000
0000
0000
0000
0000
0400
1000
0400
0200
0000
0000
0000
0000
0000
0000
0000
0000
0000
0000
0000
0000
0000
0000
0000
0000
0000
1200
0300
0100
0000
0100
0000
0000
0000
0000
0000
0000
0000
0000
0000
0000
0000
0000
0000
0000
0000
0f00
0200
0100
0200
0100
0000
0000
0000
0000
0000
0000
0000
0000
0000
0000
0000
0000
0000
0000
0000
0f00
0200
0000
0100
0000
0000
0000
0000
0000
0000
0000
0000
0000
0000
0000
0000
0000
0000
0000
0000
0a00
0500
0200
0000
0000
0000
0000
0000
0000
0000
0000
0000
0000
0000
0000
0000
0000
0000
0000
0000
1200
0400
0200
0100
0000
0000
0000
0000
0000
0000
0000
0000
0000
0000
0000
0000
0000
0000
0000
0000
0f00
0300
0000
0000
0000
0000
0000
0000
0000
0000
0000
0000
0000
0000
0000
0000
0000
0000
0000
0000
1200
0400
0300
0000
0000
0000
0000
0000
0000
0000
0000
0000
0000
0000
0000
0000
0000
0000
0000
0000
0d00
0200
0000
0000
0000
0000
0000
0000
0000
0000
0000
0000
0000
0000
0200
0000
0000
0000
0000
0000
1000
0300
0100
0000
0000
0000
0100
0200
0100
0000
0000
0400
0200
0000
0000
0000
0000
0000
0000
0000
0c00
0300
0200
0200
0200
0200
0300
0100
0000
0000
0000
0500
0300
0300
0000
0000
0000
0000
0000
0000
1000
0300
0200
0000
0100
0000
0400
0100
0100
0000
0000
0400
0b00
1400
0100
0000
0000
0000
0000
0000
0e00
0200
0100
0100
0000
0000
0000
0000
0000
0000
0000
0300
0700
0b00
0000
0000
0000
0000
0000
0000
0d00
0200
0100
0100
0000
0000
0000
0100
0100
0000
0000
0200
0400
0700
0500
0100
0000
0000
0000
0000
0a00
0200
0100
0000
0000
0000
0300
0100
0100
0000
0000
0400
0300
3200
4600
0000
0000
0000
0000
0000
0d00
0200
0200
0100
0000
0000
0300
0100
0200
0000
0000
0100
0e00
3d00
3100
0100
0000
0000
0000
0000
0d00
0300
0300
0000
0100
0000
0300
0200
0100
0000
0000
0800
1300
2a00
2300
0000
0000
0000
0000
0000
0c00
0300
0200
0000
0000
0000
0300
0100
0000
0000
0000
0300
0a00
1f00
1000
0000
0000
0000
0000
0000
1400
0300
0100
0000
0000
0000
0200
0200
0100
0000
0000
0500
0800
1500
1600
0000
0000
0000
0000
0000
1100
0400
0300
0100
0100
0000
0000
0000
0000
0000
0000
0200
0300
1100
0c00
0000
0000
0000
0000
0000
0b00
0300
0100
0100
0100
0000
0100
0000
0100
0000
0000
0100
0800
1400
0c00
0000
0000
0000
0000
0000
0f00
0200
0100
0000
0100
0000
0000
0000
0200
0000
0000
0100
0600
3400
1300
0000
0000
0000
0000
0000
0f00
0300
0000
0100
0100
0000
0000
0100
0100
0000
0000
0000
0b00
3d00
1b00
0000
0000
0000
0100
0000
