0d00
0300
0200
0100
0300
0000
0100
0200
0200
0100
0100
0000
0000
0000
0000
0000
0800
6900
6400
3400
1100
0600
0200
0200
0100
0000
0100
0400
0500
0200
0100
0000
0000
0000
0000
0000
0f00
4300
1c00
1400
1000
0400
0300
0000
0200
0100
0100
0200
0200
0000
0000
0000
0000
0000
0100
0300
6300
8900
0c00
0600
0c00
0300
0200
0100
0100
0000
0000
0100
0100
0000
0000
0000
0000
0200
0500
0f00
5c00
bf00
2100
0200
0d00
0100
0000
0000
0100
0100
0000
0000
0000
0000
0000
0000
0000
0100
0100
0500
1d00
4700
1400
0000
0d00
0300
0100
0000
0100
0000
0000
0200
0200
0000
0000
0000
0000
0000
0100
1500
6200
6000
1600
0600
0c00
0400
0200
0000
0100
0100
0400
0200
0100
0100
0000
0000
0000
0400
3c00
b400
6400
1600
0500
0100
0b00
0300
0100
0200
0100
0000
0000
0200
0100
0100
0000
0000
0000
0200
2600
8400
3400
0a00
0200
0000
0d00
0200
0100
0000
0000
0000
0300
0400
0300
0000
0000
0000
0000
0200
1000
3000
1a00
0d00
0100
0000
1000
0600
0300
0000
0000
0000
0000
0200
0200
0000
0000
0000
0100
0c00
1600
2700
3d00
3800
2c00
1e00
0b00
0300
0000
0200
0300
0100
0300
0200
0000
0100
0000
0000
0000
0100
0700
0c00
0900
0e00
0d00
0500
0e00
0300
0200
0100
0100
0000
0100
0300
0300
0000
0000
0100
0000
0000
0200
0400
0700
0700
0300
0100
0b00
0400
0100
0100
0300
0100
0200
0400
0200
0000
0000
0000
0000
0200
0c00
0000
0100
0100
0000
0000
0f00
0500
0200
0000
0200
0100
0100
0000
0100
0000
0100
0000
0000
0600
0500
0000
0000
0000
0000
0000
0b00
0400
0200
0100
0100
0000
0200
0400
0100
0100
0000
0000
0000
0300
0a00
0100
0000
0000
0000
0000
0b00
0500
0300
0200
0200
0000
0000
0200
0200
0200
0200
0000
0000
0000
0200
0300
0100
0000
0000
0000
1300
0400
0500
0200
0100
0000
0100
0200
0200
0100
0100
0000
0000
0000
0100
0000
0000
0000
0000
0000
0d00
0400
0300
0200
0200
0100
0200
0200
0100
0100
0000
0100
0000
0000
0000
0000
0000
0000
0000
0000
0900
0300
0300
0200
0500
0200
0100
0300
0100
0100
0000
0100
0000
0000
0000
0000
0000
0000
0000
0000
1400
0600
0400
0100
0100
0100
0100
0200
0100
0000
0000
0000
0000
0000
0000
0000
0000
0000
0000
0000
0c00
0300
0400
0100
0200
0100
0100
0100
0200
0200
0000
0000
0000
0000
0000
0000
0000
0000
0000
0000
0e00
0600
0100
0100
0300
0300
0000
0200
0200
0100
0100
0000
0000
0000
0000
0000
0000
0000
0000
0000
0b00
0800
0400
0200
0200
0200
0300
0300
0300
0200
0100
0000
0000
0000
0000
0000
0000
0000
0000
0000
1900
0500
0200
0200
0100
0100
0200
0300
0200
0100
0100
0100
0000
0000
0200
0000
0000
0000
0000
0000
0c00
0400
0400
0300
0200
0000
0100
0300
0100
0100
0100
0000
0000
0100
0800
0200
0000
0000
0000
0000
0d00
0200
0300
0100
0200
0300
0300
0300
0200
0100
0100
0000
0000
0000
0100
0200
0000
0000
0000
0000
1600
0600
0300
0000
0100
0000
0200
0100
0100
0000
0000
0000
0000
0000
0000
0300
0200
0000
0000
0000
0f00
0600
0300
0100
0300
0100
0100
0100
0100
0200
0100
0000
0000
0000
0100
0000
0000
0000
0000
0000
0a00
0300
0200
0000
0300
0200
0000
0200
0300
0200
0100
0000
0000
0000
0000
0000
0000
0000
0000
0000
1b00
0500
0200
0400
0200
0100
0200
0200
0100
0100
0000
0000
0000
0000
0000
0000
0000
0000
0000
0000
1200
0600
0200
0300
0200
0200
0200
0300
0100
0000
0000
0000
0000
0000
0000
0000
0000
0000
0000
0000
1000
0400
0300
0100
0300
0100
0200
0400
0200
0300
0100
0000
0000
0000
0000
0000
0000
0000
0000
0000
1400
0300
0100
0200
0200
0100
0200
0200
0200
0100
0000
0000
0000
0000
0000
0000
0000
0000
0000
0000
0d00
0500
0400
0300
0200
0400
0200
0100
0100
0400
0100
0000
0000
0000
0000
0000
0000
0000
0000
0000
1100
0200
0300
0100
0000
0200
0300
0200
0100
0000
0100
0000
0000
0000
0000
0000
0000
0000
0000
0000
1300
0400
0200
0400
0100
0000
0300
0300
0100
0000
0000
0000
0000
0000
0000
0000
0000
0000
0000
0000
0e00
0400
0300
0300
0000
0400
0400
0500
0100
0100
0100
0000
0000
0000
0000
0100
0000
0000
0000
0000
1b00
0300
0200
0300
0200
0200
0300
0300
0200
0200
0000
0000
0000
0300
0100
0000
0000
0000
0000
0000
0e00
0500
0300
0300
0300
0400
0800
0600
0100
0100
0000
0000
0000
0000
0100
0400
0100
0000
0000
0000
1a00
0400
0300
0200
0200
0300
0500
0400
0200
0400
0100
0000
0000
0000
0100
0200
0000
0000
0000
0000
0c00
0100
0300
0200
0300
0300
0300
0300
0300
0200
0100
0000
0000
0000
0200
0600
0000
0000
0000
0000
1700
0600
0200
0000
0100
0100
0300
0000
0000
0300
0100
0000
0000
0000
0100
0400
0000
0000
0000
0000
0900
0700
0100
0200
0400
0200
0500
0300
0300
0200
0100
0000
0000
0000
0000
0000
0000
0000
0000
0000
1300
0200
0100
0300
0100
0300
0500
0300
0100
0100
0100
0000
0000
0000
0000
0000
0000
0000
0000
0000
1000
0500
0100
0200
0200
0400
0300
0100
0200
0300
0100
0000
0000
0000
0000
0000
0000
0000
0000
0000
1400
0400
0200
0200
0200
0500
0000
0000
0000
0000
0000
0000
0000
0000
0000
0000
0000
0000
0000
0000
0600
0400
0200
0200
0200
0300
0200
0000
0000
0000
0000
0000
0000
0000
0000
0000
0000
0000
0000
0000
1400
0300
0200
0100
0100
0100
0200
0100
0100
0000
0000
0000
0000
0000
0000
0000
0000
0000
0000
0000
0b00
0300
0200
0200
0100
0100
0200
0200
0000
0000
0000
0000
0000
0000
0000
0000
0000
0000
0000
0000
1000
0500
0200
0400
0200
0300
0200
0100
0000
0000
0000
0000
0000
0000
0000
0000
0000
0000
0000
0000
0b00
0400
0200
0300
0200
0200
0100
0000
0000
0000
0000
0000
0000
0000
0000
0000
0000
0000
0000
0000
1200
0500
0200
0100
0100
0200
0200
0100
0100
0100
0000
0000
0000
0000
0000
0000
0100
0400
0000
0000
0700
0600
0400
0100
0200
0100
0000
0000
0000
0000
0000
0000
0000
0000
0200
0500
0300
0100
0000
0000
1000
0300
0100
0200
0200
0200
0100
0000
0000
0000
0000
0000
0000
0000
0300
0200
0000
0000
0000
0000
1100
0400
0300
0100
0100
0100
0100
0000
0000
0000
0000
0000
0000
0000
0100
0000
0000
0000
0000
0000
0e00
0400
0100
0100
0100
0000
0100
0100
0000
0000
0000
0000
0000
0000
0000
0000
0000
0000
0000
0000
0900
0200
0100
0000
0100
0000
0100
0000
0000
0000
0000
0000
0000
0000
0000
0000
0000
0000
0000
0000
1600
0500
0100
0000
0000
0100
0100
0100
0100
0100
0000
0000
0000
0000
0000
0000
0000
0000
0000
0000
0900
0500
0300
0100
0100
0100
0000
0000
0000
0000
0000
0000
0000
0000
0000
0000
0000
0000
0000
0000
1200
0600
0200
0000
0200
0100
0000
0000
0100
0000
0000
0000
0000
0000
0000
0000
0000
0000
0000
0000
0e00
0200
0100
0100
0000
0000
0100
0000
0000
0000
0000
0000
0000
0000
0000
0000
0000
0000
0000
0000
1400
0300
0100
0000
0000
0000
0000
0100
0000
0000
0000
0000
0000
0000
0000
0000
0000
0000
0000
0000
0b00
0300
0100
0000
0100
0000
0000
0100
0000
0000
0000
0000
0000
0000
0000
0000
0000
0000
0000
0000
1000
0300
0100
0100
0100
0000
0000
0000
0100
0000
0000
0000
0000
0000
0000
0000
0000
0000
0000
0000
0a00
0200
0200
0200
0000
0000
0000
0000
0000
0000
0000
0000
0000
0000
0000
0000
0000
0000
0000
0000
1800
0400
0300
0100
0000
0000
0000
0000
0000
0000
0000
0000
0000
0000
0000
0000
0000
0000
0000
0000
0a00
0400
0100
0000
0000
0000
0000
0000
0000
0100
0000
0000
0000
0000
0000
0000
0000
0000
0000
0000
0f00
0200
0100
0000
0000
0000
0000
0000
0000
0000
0000
0000
0000
0000
0000
0000
0000
0000
0000
0000
0c00
0600
0200
0000
0000
0000
0000
0000
0000
0000
0000
0000
0000
0000
0000
0000
0000
0000
0000
0000
1100
0100
0200
0000
0000
0000
0000
0000
0000
0000
0000
0000
0000
0000
0000
0000
0000
0000
0000
0000
0f00
0200
0200
0100
0100
0000
0000
0000
0000
0000
0000
0000
0000
0000
0000
0000
0000
0000
0000
0000
1300
0200
0300
0100
0100
0000
0000
0000
0000
0000
0000
0000
0000
0000
0100
0000
0000
0000
0000
0000
0c00
0300
0200
0000
0000
0000
0000
0000
0000
0000
0000
0000
0000
0000
0000
0000
0100
0000
0000
0000
0c00
0300
0000
0000
0000
0000
0000
0000
0000
0000
0000
0000
0000
0000
0000
0000
0200
0000
0000
0000
0a00
0600
0300
0000
0000
0000
0000
0100
0000
0000
0000
0000
0000
0000
0300
0300
0000
0000
0000
0000
1800
0500
0100
0000
0000
0000
0000
0000
0000
0000
0000
0000
0000
0000
0300
0000
0000
0000
0000
0000
0c00
0200
0100
0100
0100
0100
0000
0200
0000
0000
0000
0000
0000
0000
0200
0000
0000
0000
0000
0000
1700
0200
0200
0100
0100
0000
0000
0000
0000
0000
0000
0000
0000
0000
0000
0000
0000
0000
0000
0000
1200
0300
0100
0000
0100
0100
0100
0000
0000
0000
0000
0000
0000
0000
0000
0000
0000
0000
0000
0000
0d00
0300
0100
0100
0100
0000
0000
0000
0000
0000
0000
0000
0000
0000
0000
0000
0000
0000
0000
0000
0d00
0200
0200
0000
0000
0000
0000
0000
0000
0000
0000
0000
0000
0000
0000
0000
0000
0000
0000
0000
1800
0500
0100
0100
0000
0100
0000
0000
0000
0000
0000
0000
0000
0000
0000
0000
0000
0000
0000
0000
1200
0300
0200
0100
0100
0100
0100
0000
0000
0000
0000
0000
0000
0000
0000
0000
0000
0000
0000
0000
1500
0200
0100
0000
0000
0000
0000
0000
0000
0000
0000
0000
0000
0000
0000
0000
0000
0000
0000
0000
1200
0300
0200
0100
0000
0000
0000
0000
0000
0000
0000
0000
0000
0000
0200
0100
0000
0000
0000
0000
1600
0500
0200
0200
0100
0000
0000
0000
0000
0000
0000
0000
0000
0000
0200
0300
0100
0000
0000
0000
1600
0200
0000
0100
0000
0000
0000
0000
0000
0000
0000
0000
0000
0000
0000
0000
0100
0200
0000
0000
1500
0300
0100
0000
0000
0000
0000
0000
0000
0000
0000
0000
0000
0000
0100
0200
0100
0000
0000
0000
1300
0400
0100
0000
0100
0000
0000
0000
0000
0000
0000
0000
0000
0000
0000
0000
0000
0000
0000
0000
1900
0300
0100
0000
0000
0000
0000
0000
0000
0000
0000
0000
0000
0000
0000
0000
0000
0000
0000
0000
0f00
0600
0200
0000
0100
0100
0100
0000
0000
0000
0000
0000
0000
0000
0000
0000
0000
0000
0000
0000
1300
0300
0100
0100
0100
0000
0000
0000
0000
0000
0000
0000
0000
0000
0000
0000
0000
0000
0000
0000
1200
0400
0000
0000
0000
0100
0000
0000
0000
0000
0000
0000
0000
0000
0000
0000
0000
0000
0000
0000
1600
0500
0100
0100
0000
0000
0000
0000
0000
0000
0000
0000
0000
0000
0000
0000
0000
0000
0000
0000
0c00
0300
0200
0000
0000
0000
0000
0000
0000
0000
0000
0000
0000
0000
0000
0000
0000
0000
0000
0000
0a00
0300
0200
0000
0000
0000
0000
0000
0100
0000
0000
0000
0000
0000
0000
0000
0000
0000
0000
0000
0e00
0400
0100
0200
0100
0000
0000
0000
0000
0000
0000
0000
0000
0000
0000
0000
0000
0000
0000
0000
0d00
0400
0100
0000
0000
0000
0000
0000
0000
0000
0000
0000
0000
0000
0100
0000
0000
0000
0000
0000
1000
0400
0000
0000
0200
0100
0000
0000
0000
0000
0000
0000
0000
0000
0000
0000
0000
0000
0000
0000
1500
0300
0200
0000
0000
0100
0000
0000
0000
0000
0000
0000
0000
0000
0000
0000
0000
0000
0000
0000
1000
0500
0300
0000
0000
0100
0100
0000
0000
0000
0000
0000
0000
0000
0000
0000
0000
0000
0000
0000
1200
0600
0100
0000
0200
0100
0000
0000
0000
0000
0000
0000
0000
0000
0000
0000
0000
0000
0000
0000
