0c00
1f00
0e00
1500
0c00
0800
0700
0f00
1900
1000
0c00
0500
0700
0600
0500
0900
0b00
0c00
1100
1200
0d00
1b00
1000
1200
0c00
0900
0e00
0c00
1800
0b00
0c00
0800
0600
0900
0a00
0900
0600
0c00
0800
0b00
0b00
0f00
0900
0d00
0a00
0800
0400
0400
0500
0700
0400
0400
0200
0900
0700
0200
0100
0200
0300
0500
0d00
1c00
0d00
0b00
0500
0700
0900
0d00
0900
0600
0400
0400
0300
0500
0500
0300
0100
0200
0700
0400
0b00
0f00
0b00
0700
0800
0700
0800
0800
0900
0700
0600
0200
0100
0900
0600
0200
0100
0300
0600
0700
0c00
0b00
0900
1000
0400
0600
0b00
0400
0900
0600
0300
0400
0400
0600
0400
0300
0200
0300
0500
0300
0900
1300
0f00
1100
0400
0400
0700
0d00
0900
0a00
0700
0600
0700
0900
0600
0600
0100
0100
0500
0500
0d00
2000
1100
0700
0400
0400
0500
0400
0a00
0500
0300
0300
0300
0400
0200
0400
0100
0200
0400
0200
0800
0c00
1700
0a00
0300
0600
0500
0400
0b00
0800
0700
0700
0600
0900
0900
0500
0200
0500
0800
0900
0b00
1600
0e00
1000
0500
0300
0900
0900
0900
0400
0700
0500
0400
0500
0300
0300
0100
0200
0600
0500
0f00
1000
1500
0b00
0400
0b00
0900
1200
0a00
0e00
0700
0400
0600
0800
0500
0300
0300
0300
0900
0c00
0d00
1300
1500
0b00
0600
0400
0100
0a00
0800
0700
0700
0300
0400
0500
0200
0400
0300
0100
0300
0300
0a00
1100
1400
0b00
0600
0600
0d00
0900
0d00
0a00
0b00
0600
0900
0900
0500
0700
0300
0200
0700
0800
0900
0c00
0400
0c00
0300
0400
0600
0700
0800
0500
0500
0500
0400
0700
0300
0300
0100
0100
0400
0500
1000
0f00
0b00
0900
0800
0700
0800
0700
0e00
0900
0800
0500
0500
0700
0300
0300
0100
0200
0a00
0b00
0a00
0c00
1600
0f00
0900
0600
0800
0600
0700
0500
0600
0300
0300
0600
0400
0300
0100
0100
0500
0400
0f00
1500
0e00
0e00
0700
0300
0600
0700
0a00
0a00
0700
0300
0400
0400
0300
0300
0300
0300
0700
0500
0a00
0c00
0f00
0c00
0300
0500
0300
0400
0500
0900
0800
0500
0400
0600
0400
0200
0200
0200
0400
0700
0b00
0d00
0a00
0d00
0400
0000
0200
0500
0700
0300
0400
0600
0300
0700
0500
0300
0200
0300
0400
0300
0b00
1400
1700
1000
0600
0700
0700
0800
0600
0600
0500
0400
0600
0900
0500
0700
0400
0200
0600
0a00
