0900
1a00
0f00
0200
0600
0600
0800
0c00
0700
0800
0c00
0700
0400
0800
0500
0300
0300
0000
0100
0100
1300
2000
0f00
0500
0600
0700
1100
0b00
0d00
1200
0c00
0600
0500
0700
0500
0200
0000
0000
0100
0100
1100
1d00
1400
0800
0500
0800
1100
1200
0800
1b00
1200
0600
0900
0e00
0700
0600
0300
0100
0200
0100
0d00
1800
1200
0900
0200
0800
1000
1300
1600
1100
0b00
0600
0500
0900
0400
0300
0200
0100
0100
0100
0800
1d00
1600
0500
0500
0600
1200
1300
1600
1600
0f00
0c00
0900
0700
0600
0300
0100
0200
0200
0300
0b00
1d00
2600
0500
0600
0700
0900
1800
2300
1400
0f00
0700
0500
0e00
0700
0500
0400
0300
0300
0200
0f00
1c00
0b00
0400
0500
0800
1000
1500
1600
1200
0d00
0500
0600
0a00
0500
0400
0200
0200
0100
0000
0e00
1d00
1400
0600
0800
0700
1100
1800
1100
1200
0e00
0800
0500
0b00
0800
0400
0300
0400
0300
0300
0a00
1f00
1100
0500
0900
0a00
1400
1800
1c00
1f00
1300
0600
0700
0900
0600
0500
0600
0300
0300
0200
0b00
1800
1000
0800
0500
0700
1000
0c00
0b00
0f00
0d00
0900
0900
0d00
0600
0600
0200
0200
0100
0100
0f00
2100
1000
0700
0400
0500
0b00
0d00
0f00
1500
0c00
0b00
0a00
0800
0600
0400
0200
0200
0300
0200
1100
1b00
1500
0500
0700
0900
0e00
0a00
0c00
0c00
0b00
0600
0400
0500
0200
0600
0300
0100
0100
0100
0d00
1e00
0b00
0700
0500
0700
0c00
0f00
1400
1200
0e00
0900
0600
0800
0300
0200
0000
0000
0000
0100
0a00
1500
0d00
0500
0300
0700
0a00
0e00
1c00
1000
0f00
0900
0400
0b00
0600
0200
0100
0200
0300
0200
0d00
1b00
0e00
0400
0400
0600
1000
0b00
0300
0f00
1800
0900
0300
0900
0500
0700
0200
0100
0200
0100
0a00
1e00
0e00
0300
0500
0900
0e00
0700
0b00
1100
1200
0800
0500
0400
0400
0300
0100
0100
0200
0100
0600
1e00
0e00
0500
0400
0900
1000
0d00
0f00
1800
1100
0600
0600
0600
0400
0400
0200
0100
0100
0200
0e00
2300
1200
0300
0700
0400
0d00
0d00
0d00
0c00
0800
0800
0600
0a00
0700
0a00
0300
0100
0000
0000
0a00
1b00
1200
0800
0500
0800
1300
0400
0800
1100
0c00
0a00
0800
0c00
0700
0200
0100
0000
0100
0100
0600
1b00
1500
0600
0400
0500
0d00
0e00
1000
0d00
0a00
0500
0500
0700
0400
0700
0300
0200
0100
0100
