1300
2700
1d00
1c00
0b00
0f00
1b00
1c00
2300
2e00
1800
0b00
0e00
0e00
0e00
0400
0100
0300
0100
0000
1600
1e00
2e00
1500
0b00
1700
1200
1d00
1b00
2d00
2200
1300
0e00
1200
1100
0800
0200
0300
0100
0000
1000
1500
1d00
1400
1600
0c00
1700
2c00
2c00
3e00
2200
0900
0700
0d00
0d00
0500
0100
0300
0100
0000
0800
1400
2800
1e00
1800
1600
2000
2900
3500
5700
1b00
1400
0b00
0d00
1000
0400
0100
0200
0100
0100
1300
1400
1b00
1a00
1400
1200
1b00
2d00
2500
5800
2600
1000
0e00
1000
1000
0400
0100
0200
0100
0200
1500
1400
2200
1500
1300
1300
3900
3d00
2c00
3d00
1d00
0f00
0c00
1100
1200
0600
0100
0300
0100
0100
0d00
1800
2e00
1c00
1700
1500
1b00
2d00
3800
4e00
2300
0b00
1100
1500
1200
0700
0200
0200
0100
0100
0f00
1500
3000
1a00
1300
1800
2c00
3c00
2500
3100
1f00
1300
1400
1000
0b00
0600
0200
0400
0100
0200
0e00
1900
2000
1200
1300
1000
2800
3200
5000
2e00
1700
1000
0d00
1000
1400
0700
0200
0300
0000
0100
0f00
1a00
2500
2400
1f00
1700
2900
2200
2800
2f00
1700
1100
1000
1100
0d00
0500
0200
0300
0100
0100
0e00
1300
1900
2700
1600
1500
2200
3900
4100
4c00
2600
1200
0c00
1300
1200
0700
0300
0300
0100
0100
0b00
1500
2f00
1c00
2300
1600
1a00
3600
4500
5c00
2000
1000
0b00
1100
1100
0800
0600
0700
0100
0100
0d00
1600
2500
2500
1600
1700
3300
4600
3500
6200
1d00
1800
1200
2300
1700
0c00
0400
0400
0300
0200
0b00
1c00
2f00
2600
1700
0a00
2c00
4100
4700
5600
2100
1f00
1900
1a00
1500
0800
0200
0400
0100
0200
0e00
1a00
2200
2400
2800
1800
4000
4500
4f00
5900
1f00
1300
1800
1e00
1a00
0c00
0500
0800
0200
0200
0a00
1500
1d00
2a00
2600
0900
2400
3b00
5d00
6900
4c00
1c00
1c00
2500
1b00
0c00
0500
0600
0200
0400
1a00
1e00
3800
3200
1b00
1100
4200
6100
8200
7200
3200
1600
1c00
2000
1200
0a00
0300
0600
0300
0500
0f00
1300
2500
2900
1600
1300
2900
2e00
4f00
6000
2f00
2600
1b00
2100
1500
0900
0500
0600
0200
0500
1000
1100
1800
1a00
1e00
1500
4c00
3a00
6d00
7b00
3200
2000
1800
2200
1c00
0f00
0500
0800
0300
0300
0c00
0d00
2000
1a00
2a00
1a00
3500
3a00
6f00
5800
2300
1f00
1a00
1c00
1500
0a00
0400
0500
0100
0200
