1000
0600
1000
1900
0400
0a00
1200
1800
1200
0e00
0a00
0700
0500
0500
0300
0000
0000
0000
0000
0000
0a00
0500
0c00
0400
0400
1000
1e00
0c00
0a00
1000
0900
0500
0400
0200
0300
0000
0000
0000
0000
0000
0700
0500
0b00
0b00
0700
0800
1100
0b00
1100
1200
0800
0400
0400
0400
0100
0000
0000
0000
0000
0000
0a00
0800
0a00
0400
0500
0c00
1000
0d00
1300
0f00
0900
0300
0400
0400
0100
0000
0000
0000
0000
0000
0900
0500
0800
0900
0800
0600
1100
0800
1200
1300
0800
0100
0300
0400
0200
0000
0000
0000
0000
0000
0900
0300
0500
0900
0600
0c00
0d00
0a00
0900
0a00
0800
0400
0400
0300
0300
0000
0000
0000
0000
0000
0800
0600
0600
0700
0500
0800
0800
0d00
0d00
0b00
0600
0200
0200
0100
0100
0000
0000
0000
0000
0000
0f00
0600
0700
0900
0600
0b00
0b00
0a00
0a00
0f00
0600
0200
0300
0300
0200
0000
0000
0000
0000
0000
0600
0600
0a00
0500
0500
0800
1100
1300
0f00
0800
0800
0300
0200
0200
0200
0000
0000
0000
0000
0000
0700
0700
0700
0600
0600
0700
1200
1000
1a00
0b00
0800
0300
0400
0400
0200
0000
0000
0000
0000
0000
0a00
0400
0900
0900
0500
0700
0d00
0d00
0e00
0a00
0900
0600
0400
0200
0100
0000
0000
0000
0000
0000
0c00
0600
1200
0a00
0700
0e00
0900
0800
1000
1200
0900
0300
0300
0300
0300
0100
0000
0000
0000
0000
0800
0a00
0900
0e00
0500
0b00
1000
0b00
0d00
1300
0800
0500
0500
0300
0200
0000
0000
0000
0000
0000
0800
0800
1100
0800
0100
0800
1100
0e00
1100
0a00
0600
0400
0400
0300
0200
0100
0000
0000
0000
0000
0e00
0800
0900
0900
0500
0900
0c00
0a00
1000
0800
0400
0200
0200
0100
0200
0100
0000
0000
0000
0000
0600
0600
0a00
0700
0500
0900
0a00
0800
1400
0d00
0700
0300
0300
0500
0300
0000
0000
0000
0000
0000
0b00
0900
0b00
0a00
0500
0f00
0b00
0700
0d00
0a00
0700
0400
0500
0300
0000
0000
0000
0000
0000
0000
1000
3000
5300
3000
4200
2d00
6600
6300
7700
7000
4d00
1b00
2b00
2600
1a00
0d00
0600
0a00
0400
0500
0600
2700
4f00
2a00
4700
4d00
5100
5300
8500
9100
4b00
2d00
3100
3400
2800
1700
0900
0b00
0700
0800
0b00
2e00
5300
3e00
5100
6500
6f00
8b00
8000
8a00
4f00
3c00
5300
3c00
3200
1600
0600
0e00
0b00
0800
