0700
0d00
0a00
0400
0400
0400
0200
0500
0700
0300
0000
0000
0000
0000
0000
0000
0000
0000
0000
0000
0900
1200
0500
0400
0300
0400
0c00
0400
0400
0600
0200
0000
0000
0000
0000
0000
0000
0000
0000
0000
0800
0600
0600
0600
0300
0300
0200
0300
0300
0400
0200
0000
0000
0000
0000
0000
0000
0000
0000
0000
0d00
0700
0500
0400
0400
0200
0500
0500
0700
0400
0100
0000
0000
0000
0000
0000
0000
0000
0000
0000
0b00
0900
0400
0300
0200
0100
0400
0100
0200
0300
0100
0000
0000
0000
0000
0000
0000
0000
0000
0000
0800
0900
0500
0400
0100
0400
0600
0200
0600
0600
0200
0000
0000
0000
0000
0000
0000
0000
0000
0000
0700
0900
0400
0300
0500
0200
0200
0400
0500
0500
0100
0000
0000
0000
0000
0000
0000
0000
0000
0000
0700
0b00
0700
0600
0500
0500
0300
0100
0200
0300
0200
0000
0000
0000
0000
0000
0000
0000
0000
0000
0c00
0d00
0600
0400
0400
0200
0200
0500
0400
0500
0100
0000
0000
0000
0000
0000
0000
0000
0000
0000
0600
0700
0900
0700
0600
0100
0800
0400
0300
0200
0200
0000
0000
0000
0000
0000
0000
0000
0000
0000
0b00
0500
0400
0600
0500
0400
0100
0300
0400
0400
0100
0000
0000
0000
0000
0000
0000
0000
0000
0000
0b00
0d00
0b00
0400
0900
0700
0a00
0300
0300
0700
0100
0000
0000
0000
0000
0000
0000
0000
0000
0000
0600
0300
0700
0700
0500
0500
0300
0100
0100
0300
0100
0000
0000
0000
0000
0000
0000
0000
0000
0000
0600
0d00
0800
0700
0600
0700
0300
0300
0200
0100
0000
0000
0000
0000
0000
0000
0000
0000
0000
0000
0800
0800
0500
0300
0700
0300
0300
0300
0300
0100
0000
0000
0000
0000
0000
0000
0000
0000
0000
0000
0900
0600
0700
0400
0800
0500
0600
0500
0300
0400
0200
0000
0000
0000
0000
0000
0000
0000
0000
0000
0700
0700
0800
0200
0300
0300
0500
0400
0200
0900
0200
0000
0000
0000
0000
0000
0000
0000
0000
0000
0a00
0b00
0700
0300
0300
0400
0a00
0400
0300
0500
0100
0000
0000
0000
0000
0000
0000
0000
0000
0000
0700
0d00
0800
0600
0200
0100
0700
0500
0300
0300
0100
0000
0000
0000
0000
0000
0000
0000
0000
0000
0900
0e00
0b00
0300
0000
0100
0600
0600
0400
0500
0000
0000
0000
0000
0000
0000
0000
0000
0000
0000
