0900
1700
4500
3f00
1400
1100
0f00
0e00
1d00
1400
0d00
0600
0200
0400
0200
0000
0000
0000
0000
0000
0c00
2100
5f00
2500
0600
0600
0e00
1d00
2300
1600
0a00
0600
0900
0700
0200
0100
0100
0000
0000
0000
0900
1300
3f00
2300
0900
0900
0c00
0c00
0f00
0b00
0800
0400
0200
0300
0100
0000
0000
0000
0000
0000
0700
0b00
2200
1f00
0a00
0e00
1000
0d00
1300
1900
0e00
0400
0400
0800
0200
0000
0000
0000
0000
0000
0900
1100
1b00
1a00
0e00
0a00
0400
0d00
1900
1c00
1700
0700
0600
0700
0200
0000
0000
0000
0000
0000
0900
0c00
3d00
0f00
0d00
0700
0c00
1000
1400
0d00
0600
0300
0400
0500
0000
0000
0000
0000
0000
0000
0900
1600
2400
0f00
0d00
0d00
0900
0b00
1300
0700
0300
0000
0400
0300
0000
0000
0000
0000
0000
0000
0a00
1000
2600
1400
0800
1000
0e00
1100
3200
1a00
1300
0400
0200
0300
0200
0100
0000
0000
0000
0000
0c00
1100
1d00
1a00
0900
0a00
0e00
0d00
1700
0c00
0c00
0500
0300
0500
0200
0000
0000
0000
0000
0000
0800
0a00
1200
0f00
0600
0400
0f00
0b00
1300
0700
0200
0100
0200
0100
0100
0000
0000
0000
0000
0000
0b00
1400
1d00
1900
0e00
0c00
0900
0d00
1e00
1c00
0d00
0500
0d00
0500
0200
0200
0000
0000
0000
0000
0e00
1800
3200
1600
0b00
0f00
0e00
0c00
2700
1a00
0f00
0700
0600
0b00
0500
0200
0000
0000
0000
0000
0c00
1100
3c00
1f00
0d00
0c00
0b00
0900
1900
1000
0700
0600
0600
0400
0100
0000
0000
0000
0000
0000
0700
0c00
2a00
1d00
0a00
0400
0300
0400
0e00
0b00
0600
0200
0100
0100
0100
0000
0000
0000
0000
0000
0b00
1200
3300
1300
0b00
0800
0900
0900
1300
0a00
0700
0200
0200
0400
0200
0100
0000
0000
0000
0000
0c00
1100
1300
1400
0700
1200
0e00
0b00
1700
0d00
0600
0300
0200
0600
0100
0000
0000
0000
0000
0000
0600
0a00
1f00
2800
0900
0600
0d00
0900
0e00
0600
0700
0300
0200
0000
0000
0000
0000
0000
0000
0000
0e00
0e00
2e00
2900
0800
0500
1700
1100
2e00
2000
0c00
0500
0500
0600
0200
0100
0000
0000
0000
0000
0a00
1800
3c00
2200
0a00
0a00
0b00
1100
1c00
0f00
0800
0400
0400
0800
0300
0100
0000
0000
0000
0000
0900
0e00
2000
2300
0800
0800
0900
0b00
1100
1000
0700
0400
0300
0300
0100
0000
0000
0000
0000
0000
