1d00
0d00
0500
0200
0200
0300
0500
0300
0600
0400
0300
0000
0000
0200
0000
0000
0000
0000
0200
0100
0c00
0c00
0800
0400
0300
0300
0700
0500
0100
0200
0100
0000
0100
0000
0000
0000
0000
0000
0000
0000
1100
0a00
0a00
0900
0200
0300
0f00
0600
0300
0200
0300
0100
0000
0100
0100
0000
0000
0000
0100
0100
1a00
0c00
0a00
0500
0000
0400
0600
0300
0200
0100
0200
0000
0000
0200
0000
0000
0000
0000
0200
0100
1700
0900
0600
0500
0100
0200
0200
0300
0500
0700
0500
0100
0100
0100
0100
0000
0000
0000
0000
0000
1700
1200
0c00
0500
0200
0600
1200
0800
0400
0600
0300
0100
0000
0000
0000
0000
0000
0000
0000
0000
0f00
1100
0c00
0700
0300
0100
0800
0500
0400
0300
0100
0000
0100
0100
0100
0000
0000
0000
0300
0200
1000
0d00
0f00
0500
0000
0100
0200
0200
0300
0200
0100
0000
0000
0000
0000
0000
0000
0000
0000
0000
1600
0a00
0b00
0900
0400
0200
0600
0700
0500
0200
0100
0100
0000
0000
0000
0000
0000
0000
0100
0100
1900
1700
0a00
0200
0000
0300
0700
0200
0400
0200
0300
0000
0000
0000
0000
0000
0000
0000
0400
0200
1700
0f00
0b00
0200
0100
0200
0300
0300
0300
0300
0100
0000
0000
0000
0000
0000
0000
0000
0000
0000
1000
1000
1100
0900
0400
0300
0800
0400
0400
0400
0300
0000
0100
0100
0000
0000
0000
0000
0100
0000
1200
1500
0f00
0700
0300
0300
0600
0200
0200
0500
0200
0000
0000
0000
0000
0000
0000
0000
0200
0100
1400
0f00
0c00
0600
0200
0200
0900
0300
0100
0300
0100
0000
0000
0100
0000
0000
0000
0000
0000
0000
1b00
0c00
0600
0600
0400
0300
0800
0400
0400
0800
0400
0100
0000
0000
0000
0000
0000
0000
0000
0000
2e00
2400
1400
0a00
0500
0300
0800
0400
0300
0300
0300
0000
0000
0100
0000
0000
0000
0000
0200
0200
1a00
1700
1200
0700
0400
0200
0400
0100
0200
0200
0100
0000
0000
0000
0000
0000
0000
0000
0000
0000
1f00
1700
0a00
0800
0300
0200
0b00
0700
0400
0200
0200
0200
0000
0000
0000
0000
0000
0000
0000
0000
1400
0a00
1100
0c00
0300
0300
0900
0500
0400
0400
0400
0100
0000
0000
0000
0000
0000
0000
0200
0100
0f00
1700
0f00
0b00
0100
0200
0700
0400
0100
0200
0200
0000
0000
0000
0000
0000
0000
0000
0000
0000
1100
1000
0d00
0900
0500
0200
0800
0300
0400
0400
0300
0100
0000
0000
0000
0000
0000
0000
0000
0000
1200
1200
0b00
0600
0300
0400
0c00
0800
0800
0600
0100
0000
0000
0100
0100
0000
0000
0000
0400
0100
1000
0b00
0800
0400
0200
0100
0500
0400
0300
0200
0200
0000
0000
0000
0000
0000
0000
0000
0000
0100
1500
1500
0900
0400
0400
0100
0600
0400
0400
0500
0300
0100
0000
0000
0000
0000
0000
0000
0000
0000
1b00
1400
1000
0e00
0300
0200
0a00
0600
0900
0300
0200
0100
0000
0000
0000
0000
0000
0000
0300
0100
1b00
1600
1100
0600
0100
0200
0900
0400
0200
0200
0000
0000
0000
0100
0000
0000
0000
0000
0000
0000
1600
1400
1100
0d00
0400
0200
0300
0500
0600
0400
0200
0000
0000
0200
0000
0000
0000
0000
0000
0000
1400
1000
0f00
1000
0300
0500
0600
0700
0700
0500
0300
0100
0100
0000
0000
0000
0000
0000
0200
0200
1300
0d00
0c00
0800
0400
0500
0700
0300
0400
0200
0200
0100
0000
0000
0000
0000
0000
0000
0000
0000
1c00
1300
0e00
0800
0500
0500
0800
0500
0400
0400
0200
0100
0000
0000
0000
0000
0000
0000
0000
0000
1400
1400
1000
0600
0200
0300
0800
0600
0800
0300
0500
0200
0000
0000
0000
0000
0000
0000
0300
0100
1100
1200
0800
0800
0300
0400
0500
0300
0500
0200
0000
0000
0000
0100
0100
0000
0000
0000
0000
0000
1200
0a00
0a00
0700
0300
0300
0600
0600
0800
0700
0100
0100
0100
0000
0000
0000
0000
0000
0000
0000
1400
1100
1200
0600
0400
0700
0700
0400
0200
0400
0400
0100
0000
0000
0000
0000
0000
0000
0100
0300
1100
0f00
0800
0800
0500
0300
0800
0400
0400
0300
0400
0200
0000
0000
0000
0000
0000
0000
0000
0000
1f00
1a00
1000
0c00
0500
0100
0800
0500
0600
0200
0200
0100
0000
0000
0000
0000
0000
0000
0000
0000
1200
1500
0f00
0700
0200
0100
0400
0500
0800
0500
0200
0100
0000
0000
0000
0000
0000
0000
0200
0200
1500
1600
0900
0a00
0200
0000
0400
0800
0400
0300
0200
0000
0000
0000
0000
0000
0000
0000
0000
0000
1200
1400
1000
0500
0400
0300
0400
0600
0500
0500
0300
0100
0000
0000
0000
0000
0000
0000
0000
0000
4900
1400
0e00
0700
0600
0300
0400
0400
0300
0300
0200
0000
0000
0000
0100
0000
0000
0000
0000
0100
2400
1600
0f00
0f00
0500
0300
0300
0400
0300
0300
0200
0100
0100
0100
0000
0000
0000
0000
0000
0000
1a00
1300
0f00
0a00
0300
0300
0500
0700
0500
0300
0100
0100
0000
0100
0000
0000
0000
0000
0000
0000
1900
1900
0a00
0700
0500
0100
0400
0500
0400
0200
0100
0000
0000
0000
0000
0000
0000
0000
0000
0100
0f00
1300
0d00
0b00
0300
0200
0800
0800
0500
0100
0100
0100
0000
0000
0000
0000
0000
0000
0000
0000
1400
2100
1700
0b00
0200
0200
0600
0400
0400
0500
0300
0000
0000
0000
0000
0000
0000
0000
0000
0000
1500
2800
1900
0f00
0400
0600
1400
0e00
0600
0400
0100
0100
0000
0000
0000
0000
0000
0000
0000
0000
1a00
2100
2000
0f00
0400
0400
0900
0900
0600
0500
0200
0000
0000
0000
0000
0000
0000
0000
0000
0000
1e00
1f00
1200
0b00
0400
0500
0600
0700
0300
0400
0300
0000
0000
0000
0000
0000
0000
0000
0000
0000
1e00
1900
2b00
1100
0400
0700
1100
0800
0500
0400
0200
0100
0000
0000
0000
0000
0000
0000
0000
0000
1800
2500
1400
0800
0400
0300
0700
0600
0700
0800
0400
0000
0000
0000
0000
0000
0000
0000
0000
0000
1800
1d00
1600
0b00
0400
0300
0800
0600
0300
0400
0100
0000
0000
0000
0000
0000
0000
0000
0000
0000
1f00
2800
2000
0a00
0400
0300
0600
0500
0800
0600
0400
0200
0100
0100
0000
0000
0000
0000
0000
0000
1d00
2200
1400
0900
0300
0100
0700
0500
0400
0300
0100
0100
0000
0000
0000
0000
0000
0000
0000
0000
1800
1d00
0e00
0700
0400
0400
0300
0200
0400
0300
0300
0100
0000
0000
0000
0000
0000
0000
0000
0000
1900
1f00
1b00
0c00
0200
0200
0800
0300
0700
0400
0200
0000
0100
0000
0000
0000
0000
0000
0000
0000
1300
1d00
1c00
0b00
0300
0600
0600
0400
0600
0400
0400
0100
0000
0000
0000
0000
0000
0000
0000
0000
1e00
2300
1300
0900
0300
0500
0a00
0400
0700
0500
0400
0000
0000
0000
0000
0000
0000
0000
0000
0000
1e00
2100
0d00
0400
0200
0400
0600
0600
0900
0400
0300
0100
0000
0100
0000
0000
0000
0000
0000
0000
1400
1b00
1500
0b00
0600
0300
0900
0500
0c00
0400
0200
0100
0000
0000
0000
0000
0000
0000
0000
0000
1200
1e00
1400
0800
0300
0400
0d00
0400
0800
0300
0200
0200
0000
0000
0000
0000
0000
0000
0000
0000
1b00
1c00
1500
0900
0200
0200
0600
0400
0900
0600
0400
0100
0000
0000
0100
0000
0000
0000
0000
0000
1f00
2300
1100
0a00
0500
0400
0600
0500
0900
0300
0100
0100
0000
0100
0000
0000
0000
0000
0000
0000
1c00
1f00
1e00
0d00
0500
0400
0400
0200
0900
0600
0300
0100
0000
0000
0000
0000
0000
0000
0000
0000
1900
2000
1700
0c00
0d00
0500
0600
0500
0700
0500
0600
0500
0300
0100
0000
0000
0000
0000
0000
0000
1d00
1800
0e00
0900
0600
0400
0d00
0500
0700
0400
0300
0100
0000
0100
0000
0000
0000
0000
0000
0000
1800
1b00
0e00
0b00
0600
0600
0b00
0500
0500
0500
0300
0100
0000
0000
0000
0000
0000
0000
0000
0000
1f00
1900
1300
0800
0300
0900
0f00
0300
0400
0300
0300
0100
0100
0100
0000
0000
0000
0000
0000
0000
1800
2000
1500
0800
0400
0800
0600
0300
0500
0500
0300
0100
0000
0100
0000
0000
0000
0000
0000
0000
1500
2000
1c00
0c00
0800
0800
0800
0700
0700
0a00
0200
0000
0000
0100
0000
0000
0000
0000
0000
0000
1500
1800
1c00
0700
0300
0400
0b00
0400
0400
0400
0200
0100
0100
0000
0000
0000
0000
0000
0000
0000
1200
1500
2000
0e00
0300
0200
0d00
0800
0500
0200
0300
0000
0000
0100
0000
0000
0000
0000
0000
0000
1b00
1c00
1600
0800
0400
0400
0800
0400
0300
0300
0400
0200
0000
0000
0000
0000
0000
0000
0000
0000
1500
1200
1200
0900
0500
0400
0400
0500
0800
0300
0100
0000
0100
0000
0000
0000
0000
0000
0000
0000
0e00
1400
1500
0a00
0600
0500
0f00
0500
0200
0200
0200
0100
0000
0000
0000
0000
0000
0000
0000
0000
2000
1400
1f00
0c00
0500
0500
0b00
0500
0300
0200
0200
0000
0100
0000
0000
0000
0000
0000
0000
0000
1f00
1400
1d00
0e00
0400
0100
0600
0600
0800
0300
0100
0000
0000
0100
0000
0000
0000
0000
0000
0000
1d00
1500
1900
0900
0200
0500
0700
0400
0400
0600
0400
0300
0000
0100
0000
0000
0000
0000
0000
0000
1500
1100
0c00
0a00
0300
0300
0700
0600
0700
0600
0300
0200
0000
0100
0000
0000
0000
0000
0000
0000
2700
1400
1400
0600
0200
0100
0400
0500
0300
0600
0300
0100
0000
0000
0000
0000
0000
0000
0000
0000
1700
1300
1900
0c00
0500
0600
0a00
0800
0400
0600
0100
0100
0000
0000
0000
0000
0000
0000
0000
0000
1800
1300
1700
1100
0700
0500
0500
0400
0500
0600
0200
0000
0000
0000
0000
0000
0000
0000
0000
0000
1900
1100
1e00
0e00
0200
0200
0b00
0600
0500
0500
0300
0000
0000
0000
0000
0000
0000
0000
0000
0000
1000
1700
1f00
0800
0400
0400
0700
0300
0400
0200
0200
0100
0000
0000
0000
0000
0000
0000
0000
0000
1700
2600
1d00
0d00
0300
0500
0900
0600
0800
0500
0200
0100
0100
0000
0000
0000
0000
0000
0000
0000
1a00
1600
1700
0a00
0300
0300
0b00
0700
0700
0400
0200
0000
0000
0000
0000
0000
0000
0000
0000
0000
1c00
1b00
1f00
1200
0200
0300
0900
0700
0700
0b00
0500
0100
0000
0000
0000
0000
0000
0000
0000
0000
1600
2000
1e00
0900
0400
0500
0a00
0c00
0e00
0600
0500
0300
0000
0000
0000
0000
0000
0000
0000
0000
1d00
2200
1f00
0a00
0600
0500
0600
0600
0600
0600
0100
0000
0000
0000
0000
0000
0000
0000
0000
0000
1800
2600
1d00
0c00
0200
0300
0b00
0700
0800
0400
0300
0100
0000
0000
0000
0000
0000
0000
0000
0000
1200
2100
1e00
0d00
0300
0300
0a00
0500
0600
0500
0400
0100
0000
0100
0000
0000
0000
0000
0000
0000
1b00
1600
0f00
0600
0300
0300
0800
0300
0300
0400
0100
0000
0000
0000
0000
0000
0000
0000
0000
0000
1d00
2300
1600
0900
0300
0200
0d00
0500
0500
0700
0500
0100
0000
0100
0000
0000
0000
0000
0000
0000
1600
1d00
1e00
0700
0300
0100
0300
0200
0600
0400
0400
0100
0000
0000
0000
0000
0000
0000
0000
0000
1b00
2400
1700
0700
0400
0400
0600
0700
0700
0600
0300
0000
0000
0000
0000
0000
0000
0000
0000
0000
1e00
2100
1800
0900
0500
0200
0800
0400
0200
0200
0200
0100
0100
0000
0000
0000
0000
0000
0000
0000
1d00
1a00
1c00
0f00
0500
0200
0600
0700
0700
0500
0500
0100
0000
0000
0000
0000
0000
0000
0000
0000
1900
1f00
1300
0900
0300
0400
0900
0600
0500
0200
0300
0000
0000
0000
0000
0000
0000
0000
0000
0000
1400
2100
1000
0600
0300
0200
0500
0800
0500
0100
0200
0100
0100
0100
0000
0000
0000
0000
0000
0000
1600
2100
1800
0b00
0300
0400
0a00
0500
0500
0400
0500
0100
0000
0200
0000
0000
0000
0000
0000
0000
1800
1c00
1000
0b00
0300
0400
0600
0400
0500
0100
0200
0000
0000
0000
0000
0000
0000
0000
0000
0000
1c00
1b00
1500
0c00
0300
0200
0700
0400
0700
0400
0000
0100
0000
0000
0000
0000
0000
0000
0000
0000
1b00
1a00
2900
1000
0300
0700
0700
0800
0600
0500
0100
0100
0000
0000
0000
0000
0000
0000
0000
0000
