0b00
1500
3100
2500
2000
1100
3d00
4100
3600
4400
1f00
2000
1100
1500
1300
0900
0400
0500
0000
0200
1500
1500
1e00
1a00
2000
1600
3200
3000
3d00
5900
2d00
1500
1000
1800
1100
0b00
0500
0500
0200
0200
1000
2400
4600
2900
2600
1400
3300
4700
3900
6100
2500
1d00
0e00
1500
1400
0d00
0400
0400
0100
0200
0f00
1600
2300
2f00
2000
1200
2100
6600
7500
6500
2b00
1b00
1600
1d00
1800
0c00
0500
0700
0300
0300
0f00
1800
2c00
2c00
2300
1200
2300
2800
3900
6f00
3e00
1e00
2500
2c00
1d00
0900
0400
0600
0300
0500
0e00
1600
2700
2b00
1600
0e00
2300
3200
3400
4c00
2a00
1200
1b00
1b00
1600
0d00
0500
0700
0200
0500
0e00
1200
1900
2800
2200
1100
2c00
3300
6100
6100
2e00
1600
1500
1d00
1500
0900
0500
0700
0300
0300
1000
0e00
1600
2300
2e00
0e00
3400
4300
3100
5900
3700
1900
1500
2400
1700
0d00
0600
0500
0100
0200
0d00
1500
3a00
1800
2d00
2900
2600
3d00
5100
6600
3100
1d00
1800
2300
1600
0b00
0300
0500
0200
0100
0d00
1300
3100
2200
2a00
1500
1e00
3f00
4300
8c00
3b00
1800
1400
1800
0d00
0700
0200
0200
0000
0000
0a00
1800
4000
2100
2300
1600
6600
3c00
4e00
a900
3100
2000
1800
1f00
1800
0800
0300
0200
0100
0100
0f00
1200
4800
1c00
1600
1900
5400
3d00
4d00
8600
2f00
1a00
1b00
1a00
1100
0800
0500
0500
0100
0100
0800
1700
2d00
1e00
1500
0d00
3100
3100
2e00
9c00
2b00
1a00
1500
1400
0c00
0500
0000
0200
0000
0000
0c00
1400
2200
1600
1100
1000
2800
3000
1d00
7200
1900
1300
1500
1600
0e00
0600
0100
0100
0000
0100
0c00
1000
3c00
1300
0e00
0800
1100
2500
1a00
3e00
2200
1800
1300
1400
0d00
0500
0200
0200
0000
0100
0f00
1300
2e00
3100
1500
0900
2900
2800
1900
7a00
2a00
1900
1000
1000
0a00
0500
0100
0200
0000
0100
0800
0d00
2600
2300
2500
1700
2200
2600
3400
5800
2f00
1a00
0d00
1900
0e00
0500
0200
0300
0100
0100
0a00
0f00
2800
1b00
0e00
1200
3e00
2100
3200
2800
1d00
1500
1000
1600
1000
0600
0200
0300
0100
0200
0e00
1c00
3500
2100
1000
1400
2b00
2900
3200
5e00
2e00
1c00
0f00
1a00
1300
0800
0300
0400
0000
0000
0c00
1600
2c00
1f00
1a00
2000
2200
4400
4000
5200
2700
1300
1800
1d00
1300
0700
0200
0400
0100
0100
0a00
1700
2100
2200
1500
1400
3200
2500
2800
4d00
2900
1a00
1200
1500
0e00
0700
0200
0200
0000
0100
0e00
1600
2700
1d00
1a00
1900
1d00
2000
3200
7100
3400
1200
0e00
1400
0f00
0700
0200
0300
0100
0200
0d00
1b00
2a00
2300
1100
1200
2500
2f00
2e00
4400
2600
1400
1300
1700
0f00
0a00
0300
0400
0100
0100
0800
1200
2b00
2100
1300
1100
3900
3800
4500
5e00
2b00
1400
0d00
1400
0c00
0a00
0300
0500
0200
0100
1000
1100
2a00
1f00
1200
0f00
3300
3000
2400
6700
3900
2600
0f00
1400
0f00
0800
0200
0400
0100
0100
0b00
1000
2600
1600
0e00
1500
3b00
2c00
2300
3b00
2f00
1600
1700
1500
0f00
0800
0100
0200
0100
0000
0b00
1500
1a00
2e00
1800
0c00
3200
2f00
3600
5100
2e00
1a00
1400
2300
0e00
0500
0200
0300
0100
0100
0d00
2000
3600
2400
0e00
1100
2f00
3700
2700
6100
2700
1400
1200
1300
0f00
0600
0200
0400
0000
0000
1100
1f00
3100
2700
1300
1400
2c00
4800
3200
3200
2100
0e00
1200
1600
0800
0300
0100
0100
0000
0000
1000
1700
2c00
1e00
0e00
1000
3700
1e00
1b00
2f00
1500
0c00
1100
1100
1000
0800
0200
0200
0000
0000
0d00
1c00
3900
2400
1800
0d00
3400
2900
3900
4600
2400
0e00
0b00
1300
0f00
0600
0200
0200
0000
0000
1000
1200
1100
1f00
0b00
1200
4300
4100
4600
3200
2c00
1200
0c00
1500
1500
0500
0200
0400
0000
0200
0b00
1800
1400
1c00
1c00
1400
2400
5100
5f00
5a00
2d00
1500
1400
1800
1200
0800
0400
0500
0200
0100
0800
1400
3300
1d00
1100
1200
5200
4700
4100
7200
3500
1c00
1d00
1d00
1200
0800
0100
0200
0000
0100
0500
1000
3400
2c00
1200
0b00
5300
3f00
6900
7a00
3200
1f00
1c00
2100
1400
0500
0200
0400
0200
0100
0900
1d00
3100
1f00
0a00
1500
2000
2c00
4e00
5700
3400
2400
1800
2200
0e00
0700
0200
0300
0100
0100
0f00
1d00
2800
1f00
0f00
1d00
4a00
2a00
4200
4c00
3000
1e00
1600
2600
1300
0600
0200
0400
0100
0200
0e00
1800
2700
1800
1900
1c00
4d00
5700
2d00
6200
2700
1a00
1400
1f00
1000
0700
0200
0200
0100
0100
1300
1600
1d00
2900
1b00
1b00
4500
4d00
4500
5a00
2200
1400
1000
1300
0d00
0500
0200
0200
0200
0000
1300
1800
4200
2100
2500
1d00
6000
4400
3400
4600
3200
1b00
1600
1800
0d00
0600
0200
0300
0100
0100
0b00
2800
5200
1d00
2700
2a00
5c00
3a00
2600
4d00
3000
1800
1900
1d00
0e00
0a00
0400
0500
0100
0100
0f00
2000
3d00
1100
1c00
1b00
6400
2f00
2000
5f00
3500
1900
1600
1c00
1000
0900
0400
0600
0300
0200
0c00
1a00
4000
1400
0f00
2400
6400
3200
3900
4100
2700
1e00
1500
2200
1500
0600
0400
0600
0200
0200
0d00
2400
3400
1700
1500
1e00
6400
4900
3800
3f00
2600
1600
1800
1a00
0e00
0500
0200
0300
0200
0100
0800
1c00
2900
0e00
1500
2700
4300
2500
3800
4b00
2000
1300
1400
1200
0e00
0600
0100
0300
0100
0100
0d00
1d00
3000
0f00
1900
1a00
3c00
3900
2a00
3c00
1f00
0d00
0900
1000
0d00
0500
0200
0400
0000
0000
0700
1600
2c00
1e00
2100
2300
2600
2500
2e00
4900
2b00
1b00
0f00
1300
0900
0100
0100
0300
0100
0000
0b00
1700
2d00
1300
1f00
1500
4700
3500
4f00
5d00
2400
1100
0c00
1100
0c00
0500
0100
0200
0000
0000
0c00
1b00
2100
1100
2300
1d00
3800
2400
1c00
3400
2900
1200
1000
0e00
0d00
0700
0100
0200
0000
0000
0900
1900
3100
2000
1e00
2d00
2f00
3000
4700
4300
2d00
1800
1200
1500
0b00
0400
0100
0200
0000
0000
1400
1e00
3a00
1700
1f00
1f00
2b00
2800
3b00
4300
3400
2000
0d00
1800
0d00
0500
0200
0300
0000
0000
1500
2a00
2600
1e00
1e00
2c00
3a00
2d00
3900
4c00
3800
1c00
1000
0d00
0900
0500
0100
0200
0000
0000
0700
1600
2400
2400
2400
3300
4c00
4200
5e00
3600
2e00
1900
0d00
0d00
0a00
0300
0100
0300
0000
0000
0f00
2300
3e00
2200
2a00
2200
4400
5700
4b00
4d00
2c00
1800
1100
1100
0b00
0300
0100
0300
0000
0000
0a00
1600
3100
1f00
1c00
1d00
4700
5c00
3800
2800
1a00
1500
1000
1400
1100
0400
0200
0400
0100
0200
0700
2600
2500
1700
2000
1d00
5a00
5c00
2a00
5000
3a00
1800
1b00
1500
1200
0400
0300
0500
0200
0100
0b00
1700
2b00
2900
1f00
2300
5000
8400
3800
3100
2800
1400
1300
1200
0f00
0600
0200
0400
0100
0000
0900
2300
4200
2100
2700
1a00
4700
7000
4000
2d00
2700
1200
0c00
1200
1000
0800
0300
0400
0100
0000
3400
1800
3900
1900
1000
1900
3a00
3e00
2800
4500
3400
1500
0e00
1200
1200
0800
0200
0200
0100
0200
2300
1900
5400
1400
1c00
1d00
3800
4900
3500
3000
2b00
1900
0d00
0e00
0a00
0700
0500
0600
0100
0100
0b00
2a00
3f00
1400
1700
1200
3c00
2500
2800
2700
2a00
0e00
0a00
1900
0e00
0600
0200
0300
0000
0100
0b00
0f00
2000
1900
1200
1d00
5900
2b00
2a00
3600
2b00
1500
0d00
0b00
1000
0600
0200
0300
0100
0100
1700
0f00
3100
1600
1400
1b00
3200
4c00
2f00
3800
1f00
1200
1200
1200
1200
0400
0200
0300
0000
0100
0700
1400
3500
2000
1a00
2500
4500
6700
4700
2600
1800
1200
0f00
1400
0f00
0500
0200
0300
0000
0100
0800
1f00
2e00
1d00
1f00
2000
2c00
3a00
2400
1c00
2200
1300
1600
1500
1000
0500
0200
0400
0000
0100
0b00
1700
2300
1b00
1400
1700
1d00
1e00
2600
3000
3400
1400
0e00
1100
0d00
0500
0200
0300
0000
0100
0b00
2700
4900
2b00
1700
2200
3000
4000
4d00
2d00
2800
1600
1300
1400
0c00
0500
0200
0400
0100
0100
0a00
1d00
2500
1900
2500
2300
3b00
5500
4c00
3300
3b00
1700
0a00
1300
1200
0800
0300
0300
0000
0100
0f00
2000
3600
1c00
1100
1400
3b00
6500
5400
4000
2d00
1200
0b00
1800
1600
0500
0100
0300
0100
0100
0d00
1800
3100
1800
1a00
2600
3400
4200
4000
2f00
2600
0d00
0c00
1c00
1100
0600
0200
0200
0000
0100
0c00
1000
3000
1500
2400
2600
2400
4600
5100
3000
2600
1200
0c00
1100
0900
0500
0300
0400
0100
0100
1000
1b00
4000
1e00
1700
2300
3300
1f00
3400
3800
2000
0d00
0e00
1100
0a00
0300
0100
0400
0000
0100
1400
1d00
2700
1500
1b00
1a00
2a00
2600
2200
2600
2300
0c00
0b00
1000
0c00
0400
0100
0200
0000
0000
1500
2400
2900
1800
1d00
1700
2100
3200
2b00
3c00
3900
0e00
0a00
0c00
0a00
0200
0000
0000
0000
0000
0e00
1800
2f00
1600
1b00
2b00
3800
2c00
3800
2200
1c00
0e00
0900
0800
0600
0300
0100
0100
0000
0000
0b00
1800
2d00
1400
2000
3100
2800
3a00
3b00
3b00
2200
1100
0b00
0d00
0a00
0200
0100
0100
0000
0000
0e00
1400
3600
1600
1500
1a00
4c00
4800
3500
1c00
1200
0c00
0700
1200
0d00
0400
0100
0200
0000
0100
0b00
1600
3a00
1600
2000
1e00
4000
3200
3e00
1b00
1400
0800
0500
1000
0c00
0500
0200
0300
0000
0100
1000
1500
1600
0c00
1200
1d00
3000
3800
3d00
2500
3100
1a00
0b00
1900
0900
0200
0200
0300
0100
0200
0700
1000
2a00
1700
1900
1900
5600
5500
2a00
1d00
1f00
1600
0800
2200
1100
0400
0300
0400
0100
0200
0800
1d00
3800
0c00
1900
2300
2800
3f00
4c00
1a00
2200
1200
0e00
1700
0e00
0300
0200
0400
0100
0100
1300
1b00
3200
1000
1200
3800
3800
3500
3500
2600
1e00
0c00
1000
1500
0f00
0300
0100
0200
0000
0100
1000
1700
2c00
1100
1800
3800
6400
4500
3e00
1b00
3000
0c00
0f00
1d00
1200
0600
0200
0300
0000
0100
1000
0e00
2400
1f00
1f00
2200
4700
3800
6100
2c00
3200
1500
1200
1f00
1400
0500
0200
0200
0000
0000
1100
1000
2f00
0f00
1000
2d00
4b00
3400
3200
2400
2a00
0e00
1000
1e00
1400
0400
0200
0200
0000
0000
1200
1300
4500
1400
1200
2a00
4800
2e00
2000
2b00
3a00
1400
0f00
1600
0d00
0300
0100
0200
0000
0000
1200
1000
3900
2e00
2700
1e00
4000
4000
2a00
2500
3700
1000
0d00
1400
0c00
0200
0100
0100
0000
0000
1200
0e00
3800
1a00
2900
1f00
3e00
5500
3c00
3400
5a00
1300
0d00
1900
0e00
0400
0100
0300
0000
0000
1400
1300
4300
2100
1700
2000
4c00
4300
3500
2700
3400
1300
0c00
1300
1000
0200
0100
0300
0000
0000
1100
1700
5000
2100
1b00
3a00
4000
2800
3100
2300
3300
1300
1000
1f00
0e00
0300
0100
0100
0000
0000
0b00
1c00
4e00
1900
3400
3c00
5700
3200
4100
2100
2c00
1000
0800
1100
0a00
0100
0000
0100
0000
0000
0d00
1400
3800
1700
2000
2400
3400
3700
4800
1e00
2900
0f00
0800
1100
0b00
0200
0000
0100
0000
0000
1500
1500
2500
1c00
1e00
1e00
3b00
2900
4200
2500
4000
1700
0a00
1200
0b00
0300
0100
0100
0000
0000
1100
1b00
2a00
1700
1800
2100
3c00
2800
2800
1900
2b00
1400
1200
1600
0b00
0300
0100
0100
0000
0000
0c00
1500
2200
1000
1c00
1700
2d00
2d00
2e00
2100
3500
1100
1000
1900
0b00
0300
0200
0200
0000
0000
0700
1a00
2800
1d00
1900
1700
4000
3e00
2300
1d00
3500
1900
0e00
1500
0900
0200
0100
0100
0000
0000
0b00
1b00
3b00
1f00
1400
2000
2b00
1c00
2800
2800
3100
1800
0d00
0f00
0800
0200
0000
0100
0000
0000
0600
1f00
2e00
1200
0d00
0f00
4500
2400
2d00
1800
2500
1700
0e00
0e00
0800
0200
0000
0100
0000
0000
0800
1900
3700
2100
0c00
0b00
8700
4400
3300
2100
2400
0f00
0b00
0b00
0700
0100
0000
0000
0000
0000
0600
1900
2a00
1800
1000
1600
2300
1900
3000
2500
3800
1400
0a00
0f00
0a00
0200
0000
0100
0000
0000
0a00
2000
2100
2600
0d00
1800
6200
3700
5000
1f00
1900
0c00
0900
0e00
0900
0100
0000
0100
0000
0000
1100
1a00
2900
2200
0f00
1700
5e00
2c00
3200
1000
1300
0a00
0d00
1700
0b00
0200
0000
0000
0000
0000
