0900
0800
0600
0400
0400
0500
0900
0100
0300
0500
0000
0000
0000
0000
0000
0000
0000
0000
0000
0000
0e00
0700
0700
0800
0500
0300
0200
0200
0000
0000
0000
0000
0000
0000
0000
0000
0000
0000
0000
0000
0a00
0500
0500
0800
0600
0700
0300
0500
0600
0400
0000
0000
0000
0000
0000
0000
0000
0000
0000
0000
1500
0600
0400
0300
0800
0400
0200
0200
0500
0200
0000
0000
0000
0000
0000
0000
0000
0000
0000
0000
1100
0600
0400
0400
0700
0200
0400
0300
0500
0b00
0300
0000
0000
0000
0000
0000
0000
0000
0000
0000
1300
0500
0300
0300
0300
0300
0800
0800
0300
0700
0200
0000
0000
0000
0000
0000
0000
0000
0000
0000
1400
0c00
0700
0500
0300
0300
0b00
0300
0300
0100
0000
0000
0000
0000
0000
0000
0000
0000
0000
0000
0c00
0900
0300
0600
0400
0200
0c00
0700
0200
0300
0100
0000
0000
0000
0000
0000
0000
0000
0000
0000
0c00
0f00
0900
0b00
0200
0300
0700
0500
0300
0500
0100
0000
0000
0000
0000
0000
0000
0000
0000
0000
0e00
0d00
0800
0600
0300
0200
0600
0100
0100
0400
0200
0100
0000
0000
0000
0000
0000
0000
0000
0000
0a00
0d00
0700
0500
0600
0300
0500
0400
0400
0400
0200
0000
0000
0000
0000
0000
0000
0000
0000
0000
0b00
0a00
0400
0400
0500
0100
0b00
0500
0300
0300
0100
0000
0000
0000
0000
0000
0000
0000
0000
0000
0c00
1100
0700
0800
0400
0200
0800
0500
0400
0300
0100
0000
0000
0000
0000
0000
0000
0000
0000
0000
0900
0800
0500
0400
0000
0200
0700
0600
0400
0200
0000
0000
0000
0000
0000
0000
0000
0000
0000
0000
0c00
0600
0500
0300
0100
0100
0300
0100
0300
0200
0000
0000
0000
0000
0000
0000
0000
0000
0000
0000
0900
0700
0400
0300
0300
0100
0600
0500
0200
0400
0000
0000
0000
0000
0000
0000
0000
0000
0000
0000
0c00
0600
0300
0100
0200
0000
0800
0300
0400
0200
0100
0000
0000
0000
0000
0000
0000
0000
0000
0000
0b00
0500
0200
0400
0300
0200
0500
0300
0200
0400
0000
0000
0000
0000
0000
0000
0000
0000
0000
0000
0a00
0300
0200
0200
0100
0200
0300
0300
0100
0300
0100
0000
0000
0000
0000
0000
0000
0000
0000
0000
0c00
0700
0200
0100
0100
0000
0300
0300
0000
0100
0000
0000
0000
0000
0000
0000
0000
0000
0000
0000
0e00
0700
0400
0400
0000
0300
0400
0100
0100
0000
0000
0000
0000
0000
0000
0000
0000
0000
0000
0000
0900
0700
0200
0200
0200
0200
0200
0300
0400
0100
0000
0000
0000
0000
0000
0000
0000
0000
0000
0000
0c00
0600
0200
0200
0200
0000
0000
0000
0100
0000
0000
0000
0000
0000
0000
0000
0000
0000
0000
0000
0300
0400
0100
0100
0200
0100
0200
0000
0000
0100
0000
0000
0000
0000
0000
0000
0000
0000
0000
0000
0c00
0300
0100
0200
0300
0000
0400
0200
0000
0000
0000
0000
0000
0000
0000
0000
0000
0000
0000
0000
0800
0700
0100
0000
0100
0100
0200
0200
0200
0300
0000
0000
0000
0000
0000
0000
0000
0000
0000
0000
0a00
0300
0100
0100
0100
0000
0100
0200
0000
0300
0100
0000
0000
0000
0000
0000
0000
0000
0000
0000
0a00
0500
0200
0100
0100
0000
0500
0000
0000
0000
0000
0000
0000
0000
0000
0000
0000
0000
0000
0000
0800
0400
0200
0100
0000
0000
0200
0300
0100
0100
0000
0000
0000
0000
0000
0000
0000
0000
0000
0000
0500
0300
0200
0100
0000
0000
0100
0000
0100
0000
0000
0000
0000
0000
0000
0000
0000
0000
0000
0000
0400
0500
0200
0200
0300
0000
0200
0100
0200
0100
0000
0000
0000
0000
0000
0000
0000
0000
0000
0000
0800
0600
0100
0100
0000
0100
0100
0000
0100
0000
0000
0000
0000
0000
0000
0000
0000
0000
0000
0000
0900
0900
0600
0900
0300
0200
0600
0600
0e00
0700
0600
0400
0600
0300
0200
0200
0300
0700
0800
0500
0800
1f00
0a00
0700
0900
0b00
0b00
0c00
1200
1100
0f00
0c00
0d00
0c00
0d00
0c00
0800
0900
1400
1300
1200
2a00
0b00
0a00
0a00
0700
0b00
0f00
1d00
0900
0900
0800
0a00
0b00
0900
0b00
0a00
0d00
1200
1200
0800
1900
0a00
0c00
0b00
0d00
0800
0b00
1500
0b00
0f00
0f00
1000
1700
0b00
0f00
0a00
0d00
1600
1000
0f00
1f00
0b00
0f00
0d00
0800
0800
0c00
1900
0800
0d00
1000
0d00
1d00
1300
1900
0b00
1000
1400
1300
1300
4300
1700
0c00
0700
0900
0800
0900
1300
0700
0700
0700
0b00
0b00
0a00
0b00
0b00
0b00
1500
1000
0800
1500
0a00
1100
0b00
0600
0600
0d00
1200
0700
0b00
0e00
1200
1100
0b00
0d00
0700
0a00
1300
0d00
1000
1700
0a00
0d00
1200
0600
1400
1100
0d00
0600
0800
0700
0e00
0b00
0a00
0900
0600
0a00
0d00
1400
2000
1c00
1100
1a00
0e00
0700
0800
0f00
1200
0c00
1300
1400
1b00
1600
0e00
1100
0e00
0b00
0f00
0d00
0f00
1e00
0500
1200
0c00
0700
0a00
0600
0d00
0d00
0f00
0d00
1700
1600
0f00
1400
0f00
1100
1400
1a00
0c00
1400
0a00
1200
1100
0500
0700
0a00
0900
0600
0800
0700
1100
0d00
0c00
1200
0f00
0f00
1c00
1200
1300
1a00
1600
0f00
0b00
0300
0800
0b00
0a00
0b00
0e00
0800
1a00
1000
0a00
0b00
0b00
0a00
1400
1000
1700
1b00
0a00
0f00
1100
0b00
0a00
0300
0900
0a00
0b00
0600
1d00
1200
0700
0f00
0c00
0d00
1100
1400
1900
1200
0600
0800
0800
0700
0600
0a00
1000
0f00
1900
2600
2300
1900
1000
0d00
0900
0b00
1900
1100
1900
1d00
1900
1300
0c00
0a00
0f00
0700
0f00
0a00
0500
0900
1900
1200
1600
1900
0b00
1000
1e00
2100
0d00
1f00
1000
1c00
0b00
0600
0800
0500
0a00
0600
0500
0b00
1400
1100
0e00
0d00
1500
1000
1300
1400
0b00
1900
1500
1b00
0c00
0700
0900
0d00
0d00
0700
1000
1200
1600
1800
1400
1100
0900
0c00
1600
1300
0900
0f00
0e00
1000
0a00
0800
0e00
0c00
0c00
0a00
0a00
0d00
1700
0c00
0b00
0b00
0800
0b00
1400
1200
1900
1d00
1300
0900
0a00
0900
0700
0d00
1200
0900
1100
1500
1900
1200
0900
0b00
0b00
0e00
1100
1000
1400
0c00
0500
1200
0b00
0600
1700
0c00
0900
0600
0600
0700
1900
0f00
0c00
0f00
0e00
1500
1b00
1d00
0900
2100
0e00
0f00
0e00
0500
0d00
0800
0c00
0700
0800
0a00
1000
0d00
0800
0d00
0f00
0f00
1600
1100
0e00
2000
0900
1600
0c00
0700
0800
0600
0a00
0f00
1700
1000
1500
0f00
1100
1400
0f00
0c00
1100
1700
0d00
1a00
0e00
0f00
0b00
0800
0d00
0b00
0e00
0700
0800
0700
0a00
0c00
0800
0b00
0a00
0d00
1000
1300
0d00
1e00
0c00
0d00
0900
0500
0900
0a00
1200
1200
1b00
1200
1400
1000
0800
0a00
0a00
0c00
1600
1000
1600
2500
0900
0500
0c00
0300
0600
0600
0a00
0600
0c00
0800
1400
1000
0e00
1000
0e00
1200
1300
1f00
1100
1000
0e00
0500
0800
0600
0c00
0400
0a00
0c00
0e00
0e00
1500
1200
0d00
0e00
1300
0c00
0c00
0f00
1b00
2100
0e00
1000
0d00
0b00
0700
0800
1200
0800
0f00
0f00
1900
1900
1200
1500
0a00
0c00
1700
1c00
0f00
1900
0900
0b00
0a00
0800
0800
0500
0a00
0d00
0700
0700
1100
0d00
0900
0800
0800
1000
1900
1400
1500
3000
0a00
0a00
0700
0900
0500
0c00
1a00
0e00
0d00
0d00
1400
0a00
0800
0d00
0800
0e00
1500
0e00
1600
2900
1000
0e00
0a00
0b00
0f00
0e00
1100
0700
0600
0400
0d00
0f00
0700
0d00
0a00
0c00
1700
1c00
0d00
2200
0a00
0700
0a00
0a00
0300
0700
0e00
0e00
0b00
0b00
0c00
1000
0e00
1600
0f00
0e00
0f00
1000
1200
2c00
1000
0a00
0a00
0d00
0c00
0900
1100
0d00
0e00
0e00
1900
1400
1700
2000
0e00
1100
1300
1700
1500
1d00
0a00
0e00
0c00
0e00
0700
0500
0c00
0800
0800
0900
1400
0b00
0800
0a00
0c00
1500
1700
1200
0900
1500
0a00
0f00
0f00
0900
1200
0f00
1600
1300
0b00
0e00
1400
1400
0d00
0c00
0b00
1000
1000
1000
0b00
3000
1100
0e00
0a00
0800
0600
0700
0d00
0c00
0800
0a00
1900
1100
0800
0c00
0800
0b00
1100
1100
1100
2400
0c00
1400
0700
0a00
0b00
0500
0b00
0a00
0800
0800
2a00
1500
1500
1400
0b00
0d00
0d00
0e00
0f00
1500
0c00
0d00
0700
0800
0e00
0b00
1900
1300
1000
0d00
2200
1300
1300
1600
1000
1500
1100
1600
1000
2300
0c00
0e00
0600
0800
0900
0500
0a00
0c00
0b00
0b00
1900
0e00
0900
0e00
0e00
1400
1f00
1100
0d00
2600
0f00
1100
0b00
0e00
0e00
0d00
0e00
1200
2b00
1000
1300
1300
0d00
0b00
0b00
0d00
0c00
1100
1200
2900
0f00
0800
0300
1000
0900
0600
1100
0c00
0900
0800
0d00
0b00
0600
0600
0700
0a00
0d00
0f00
1000
1400
0b00
0e00
0900
0600
0900
0b00
0f00
0e00
0c00
0d00
1100
0f00
0b00
0c00
0900
0c00
0f00
0c00
1200
3700
1600
1100
0f00
0b00
0b00
0a00
2300
0c00
0e00
0d00
1300
1300
1100
1f00
0f00
1600
1e00
1600
1c00
2100
1100
0c00
0900
0e00
0a00
0800
1000
0c00
0700
0400
0600
0d00
0900
1400
0900
1400
2300
1500
1100
1f00
0b00
1500
0c00
0900
0e00
0800
0a00
0a00
1900
2c00
1200
1400
1000
1100
0b00
0c00
0f00
1000
0c00
1800
0d00
1200
0500
0a00
0c00
0500
0b00
0e00
0d00
0c00
0c00
1100
0700
0a00
0800
0c00
1400
0d00
1200
2900
0a00
0800
0800
0e00
0f00
0800
1200
1200
0900
0c00
0b00
0e00
0b00
1000
0900
0900
1300
0c00
1000
2800
0c00
0a00
1100
0700
0b00
0c00
1200
0b00
0c00
0a00
0a00
0f00
0b00
0c00
0e00
1700
1c00
1c00
0700
3100
0e00
0700
0700
0b00
0a00
0600
0700
0d00
0700
0a00
0900
0e00
0b00
1200
0800
0e00
2400
0e00
1400
1f00
0a00
0f00
0500
0900
0f00
0700
1100
1300
1200
2300
1f00
1900
0c00
1200
0900
0a00
0c00
1c00
1800
2500
0a00
0f00
0600
0700
0b00
0700
1300
0800
0800
0700
0a00
1100
0a00
0700
0800
1000
2400
0f00
0e00
1a00
0b00
0b00
0400
0500
0700
0b00
1300
1200
0f00
0d00
0e00
0e00
0800
0900
0600
0900
1200
0b00
0f00
1900
0a00
0a00
0600
0e00
0900
0a00
1200
1500
0900
0a00
1000
1100
0b00
0d00
0700
0f00
2300
1600
0b00
2100
1200
1000
0800
0500
0d00
1b00
2c00
0b00
0a00
0a00
1500
1100
0f00
0e00
0900
1200
1200
0a00
1500
2200
0900
0f00
1100
0d00
0a00
0c00
2300
1700
1b00
1000
1c00
1700
0f00
1d00
0500
0d00
1100
1200
1100
2700
0a00
0c00
0c00
0900
0400
1300
1d00
0800
0a00
0600
1800
0e00
0900
0800
0700
1000
1800
1000
0700
0e00
1200
0e00
0800
0b00
0700
1200
1b00
0a00
0f00
0d00
1b00
0d00
0700
0800
0800
0b00
0d00
0b00
1000
1a00
0f00
0f00
0500
0800
0e00
0c00
0d00
1200
0900
0600
1c00
1100
0700
0900
0900
1000
1c00
1200
1100
2500
0f00
0f00
0a00
0a00
1100
1c00
1100
0a00
0d00
1300
1900
0f00
0800
0b00
0400
0d00
0f00
0a00
1000
2200
1200
0e00
0a00
0700
0700
1000
1c00
0f00
0c00
0d00
1100
1000
1200
0f00
0900
0a00
1d00
1a00
0800
2f00
0f00
1500
1100
0500
0d00
0d00
1200
0f00
0900
0800
0e00
0a00
0800
0a00
0900
0e00
1500
1100
1200
2200
0d00
1300
0a00
0800
0a00
1000
1500
1600
0e00
0a00
1100
0c00
0900
0b00
0600
0800
0b00
0a00
0b00
2400
0e00
1300
1000
0d00
0e00
1000
1000
0900
0a00
0800
1000
1100
0800
0a00
0500
0c00
1400
1200
1000
1700
0b00
0d00
0c00
0a00
0c00
0e00
1d00
0e00
0900
0c00
1100
0d00
0900
0f00
0800
0800
0900
0900
1c00
2000
0e00
0f00
0900
0500
1100
0c00
1100
1000
1500
0d00
0c00
1100
1100
1600
0c00
1000
1f00
2100
0f00
2900
0d00
0b00
0600
0600
0900
1300
1000
0a00
0a00
0700
0e00
0c00
0b00
0c00
0c00
1200
1900
0e00
1300
2500
0f00
1900
1000
0d00
1800
2500
1800
0f00
0f00
0b00
1100
1000
0900
0800
0600
0a00
0d00
0f00
1500
1700
0b00
0800
0600
0a00
1000
0e00
1100
0e00
0a00
0800
1000
0f00
0b00
0a00
0700
0700
1400
1100
0d00
1700
0c00
1000
0e00
0600
0b00
1000
1700
0f00
1300
0f00
0d00
0a00
0a00
0c00
0800
0a00
0d00
0b00
2400
2100
0b00
0b00
0a00
0900
1100
1400
1800
0a00
0900
0800
0f00
0f00
0d00
1800
0f00
0d00
1900
1c00
1800
2300
0b00
0e00
0800
0700
0b00
0900
1400
1100
0b00
0a00
0a00
0900
0800
0f00
0c00
0f00
1200
0e00
