0d00
1e00
1500
0b00
0a00
1a00
1c00
1b00
1600
1e00
1e00
1f00
0f00
0f00
1300
0f00
0b00
0c00
0600
0c00
1100
1d00
2000
0d00
0f00
0b00
0e00
1200
1d00
2f00
2500
1300
0f00
1400
1200
0d00
0700
1000
0800
0b00
0b00
2300
1f00
0d00
1400
1c00
1200
2500
1b00
2400
1e00
1800
0d00
1400
1400
1300
0700
0c00
0c00
1300
1100
1c00
2200
1100
0f00
1100
2000
2400
1500
3200
2c00
1200
0900
1b00
1900
1400
0a00
0f00
0a00
1200
1000
2300
1000
0f00
1500
1500
1600
1500
1800
2100
2b00
1300
1100
1c00
1700
1100
0900
0f00
0900
0b00
1200
2c00
1d00
0f00
0c00
1400
1c00
1300
1c00
2900
1f00
1800
0d00
1300
1300
0e00
0a00
1000
0600
0e00
0f00
1800
1400
1000
0d00
1500
0a00
1900
1d00
2000
2700
1800
1100
1600
1700
1700
0c00
0f00
0800
0b00
0f00
2600
1a00
1300
0b00
0c00
1300
1200
1300
2200
2400
1c00
0f00
1000
1800
1400
0b00
0b00
0700
0700
1100
2c00
2c00
1600
1700
1300
1600
0e00
1600
2200
1700
0d00
1100
1b00
1600
1300
0900
0900
0500
0800
0c00
1e00
1100
0d00
1800
1600
1a00
1200
1600
2100
2400
1800
0900
1c00
1c00
1800
0e00
1200
0600
0500
1000
2500
2300
1200
1300
1c00
0900
0c00
1200
1b00
1e00
1000
0e00
1c00
1200
0e00
0a00
1200
0800
0700
0d00
2c00
1500
0f00
1900
1b00
1900
0a00
1800
2000
1c00
1500
0900
1f00
1b00
1700
0900
0a00
0400
0b00
0e00
2900
1e00
0a00
0c00
1300
1000
1300
2200
1c00
2200
0f00
0d00
1700
1300
1400
0800
0800
0400
0800
0d00
3000
3400
1500
1500
2000
2900
0e00
1100
1b00
3100
1a00
0d00
2100
2000
1d00
0500
0700
0500
0600
1500
2500
1c00
0c00
0f00
2000
1600
1100
1500
2900
2700
2000
0800
1700
1400
0f00
0600
0800
0500
0700
0d00
2600
0c00
0d00
1f00
1900
1200
1700
1f00
1e00
2000
1a00
1100
1400
1400
1200
0800
0900
0800
0800
0b00
2a00
2200
0c00
1600
1000
1100
0f00
2200
3300
3600
1c00
0b00
1100
1300
1000
0900
0900
0500
0600
0e00
2600
1a00
1800
0c00
0f00
1400
0c00
1500
2e00
2e00
1500
0b00
0c00
0a00
0b00
0600
0b00
0300
0500
1100
2900
1a00
1800
0c00
0d00
1200
0a00
1b00
3100
2000
0e00
0c00
0f00
1000
1100
0700
0900
0400
0500
0800
2500
2000
1100
0e00
0f00
1700
1100
1000
3300
2800
1600
0a00
1000
0e00
0900
0500
0500
0300
0600
