0a00
0b00
1100
1300
0600
0600
0900
0800
0b00
0600
0400
0100
0300
0200
0100
0000
0000
0100
0000
0000
0800
0d00
0d00
0700
0500
0400
0400
0700
0600
0500
0400
0000
0400
0400
0200
0000
0000
0100
0000
0000
0c00
0d00
1800
0700
0300
0300
0800
0600
0900
0500
0200
0000
0000
0100
0000
0000
0000
0000
0000
0000
0800
1100
1600
0d00
0c00
0600
0800
0900
0e00
0400
0300
0000
0100
0200
0200
0000
0000
0100
0000
0000
1000
1800
1500
0a00
0900
0600
0b00
0700
0900
0900
0400
0100
0100
0300
0100
0000
0000
0100
0000
0000
0700
0a00
0c00
0b00
0400
0400
0a00
0900
1700
0700
0200
0000
0100
0200
0100
0000
0000
0000
0000
0000
0900
0e00
1700
0d00
0600
0500
0700
0400
0500
0500
0200
0100
0000
0100
0000
0000
0000
0000
0000
0000
0600
0900
1400
0900
0500
0400
0800
0600
0400
0400
0300
0100
0000
0100
0000
0000
0000
0000
0000
0000
1000
0900
1200
0e00
0b00
0300
0400
0700
0800
0800
0300
0100
0300
0400
0200
0000
0000
0000
0000
0000
0800
1900
3100
1900
0d00
0300
0500
0600
0700
0500
0400
0200
0300
0100
0000
0000
0000
0000
0000
0000
0a00
0d00
1200
1100
0c00
0600
0f00
0800
0d00
0900
0400
0000
0000
0100
0000
0000
0000
0000
0000
0000
0900
1400
1d00
1100
0700
0700
1100
0300
0b00
0800
0400
0100
0200
0300
0100
0000
0000
0000
0000
0000
1300
2100
3000
0d00
1400
1400
1200
0e00
1000
0900
0800
0200
0400
0300
0200
0000
0000
0000
0000
0000
0800
0e00
1700
0a00
0900
1000
1300
0800
1100
1700
0f00
0300
0300
0500
0100
0000
0000
0000
0000
0000
0700
0f00
2300
0d00
0b00
1400
0c00
0a00
0a00
0e00
0d00
0500
0600
0400
0200
0100
0000
0000
0000
0000
0800
2000
4200
1e00
0c00
0700
0900
1000
0f00
1100
0800
0400
0600
0300
0100
0000
0000
0000
0000
0000
0c00
1700
1b00
1900
0900
0800
1700
1200
0f00
0b00
0c00
0500
0800
0600
0100
0000
0000
0000
0000
0000
0600
1300
1f00
1600
0e00
0900
0a00
0b00
1200
1a00
0b00
0300
0500
0600
0100
0000
0000
0000
0000
0000
1c00
1800
1400
0c00
0700
0600
0800
0900
1f00
0b00
0700
0300
0400
0500
0200
0000
0000
0000
0000
0000
0a00
1500
1f00
0d00
0d00
0400
0a00
0a00
0c00
0900
0900
0300
0500
0200
0000
0000
0000
0000
0000
0000
