1300
1f00
0b00
0c00
0900
0600
0a00
1000
1000
0f00
0700
0200
0400
0800
0900
0800
0500
0400
0800
0b00
0e00
2a00
1500
0e00
0b00
0600
0600
0a00
1200
1200
0600
0500
0500
0800
0b00
0f00
0a00
0d00
1200
1300
0f00
1300
0e00
1100
0600
0300
0500
0800
0800
0c00
0a00
0900
0a00
0d00
0a00
0e00
0a00
0600
0700
0900
0f00
1800
1000
1000
0600
0400
0400
0b00
1100
0e00
0b00
0c00
0c00
0d00
0d00
0e00
0800
0800
0c00
0e00
0a00
1600
0b00
0c00
0900
0600
0400
0600
0a00
0800
0400
0400
0400
0800
0700
1d00
1800
0a00
0a00
0900
0d00
1700
0d00
1200
0a00
0700
0600
0800
0c00
0800
0c00
0900
0700
0c00
0b00
0c00
0600
0600
0800
0b00
1400
1800
1300
0800
0400
0300
0500
0700
0900
0700
0700
0300
0300
0500
0600
0a00
0800
0800
0a00
0900
0b00
2500
0f00
0c00
0800
0800
0800
0b00
1000
0600
0500
0400
0600
0600
0500
0500
0500
0700
0900
0b00
0b00
1d00
0f00
0a00
0900
0500
0800
0b00
1700
0b00
0700
0600
0300
0800
0700
0800
0500
0700
1400
0b00
0e00
1200
0d00
1600
0600
0300
0400
0600
0b00
1100
0900
0500
0800
0b00
0800
0d00
0a00
0500
0600
0a00
0900
1800
0f00
0b00
0800
0400
0800
0700
1100
0c00
0c00
0500
0d00
0e00
0c00
1000
0e00
0c00
1500
0b00
0800
1200
0e00
0c00
0800
0600
0500
0600
0c00
0b00
0b00
0600
0c00
0c00
0c00
1200
1000
0b00
0d00
0c00
1000
1c00
1500
0b00
0500
0400
0400
0400
1200
0a00
0900
0c00
0600
0a00
0600
0800
0900
0700
0c00
0f00
0f00
1f00
1100
1400
0600
0600
0500
0600
0a00
0700
0500
0600
0500
0600
0500
0b00
0700
0a00
0800
0b00
0800
1700
1a00
1000
0900
0600
0f00
0800
0d00
0600
0400
0500
0600
0900
0800
0600
0500
0500
0b00
0d00
0d00
2500
1300
0c00
0800
0600
0900
0800
0b00
0b00
0600
0300
0700
0800
0500
0800
0a00
0900
0a00
0e00
0d00
1900
1700
1300
0600
0300
0400
0b00
1000
0700
0800
0400
0400
0600
0700
0600
0700
0900
0900
0800
0800
1f00
1800
0d00
0600
0400
0500
0a00
1600
0a00
0a00
0800
0600
0800
0a00
0c00
0a00
0a00
0f00
0d00
0d00
2c00
1800
0900
0900
0a00
0700
0600
0900
0800
0700
0600
0900
0b00
0b00
1200
0900
0900
0800
0600
0d00
1600
1400
0a00
0600
0600
0900
0a00
0f00
0900
0800
0f00
0b00
0c00
0900
0800
0d00
0c00
0d00
0f00
