0a00
1100
1900
0800
0f00
2400
4700
1c00
3200
2a00
2c00
1900
0800
0700
0500
0600
0200
0300
0500
0300
0c00
1800
2200
0500
0a00
1600
6400
3500
2700
4000
3a00
1600
0b00
0a00
0500
0500
0200
0300
0400
0500
0b00
1700
1600
0700
0c00
1d00
3400
2c00
5900
3500
1c00
1300
1000
0500
0400
0300
0200
0200
0500
0600
0900
1600
2400
0700
1100
1600
3d00
2a00
3d00
2d00
2300
1300
0e00
0d00
0500
0600
0500
0300
0200
0200
0800
1b00
2200
0500
0b00
1800
2500
2700
3b00
2b00
2a00
1700
0800
0600
0500
0500
0400
0500
0300
0300
1500
1900
1e00
0700
0c00
1500
3300
2400
2a00
2300
2a00
1800
0b00
0800
0300
0600
0300
0300
0600
0300
0a00
1900
1a00
0700
0a00
1800
2000
1f00
3700
2000
2000
0b00
0400
0500
0500
0400
0200
0300
0300
0300
0c00
1900
1900
0500
0500
1900
4600
3000
2d00
3200
1d00
1300
0700
0500
0300
0500
0300
0200
0300
0300
0a00
1600
1900
0400
0700
1f00
2d00
3100
2e00
4000
2700
0b00
0600
0800
0600
0500
0200
0300
0400
0300
0700
1400
1600
0500
0900
2600
4600
2f00
2e00
2800
2200
1400
0700
0900
0500
0400
0300
0500
0300
0300
0800
1700
1700
0400
0a00
2000
2c00
2d00
1f00
2b00
2900
1900
0d00
0800
0400
0500
0600
0400
0400
0500
0c00
0d00
1600
0900
0a00
2300
2e00
2800
3f00
3800
2100
0f00
0800
0b00
0600
0800
0500
0400
0500
0400
0800
1500
1b00
0600
1100
1400
3000
3600
2200
2f00
2700
1400
0900
0800
0300
0300
0300
0400
0500
0700
0900
1400
2000
0800
0900
1400
4900
2d00
3400
2000
1e00
0b00
0500
0600
0400
0500
0500
0400
0600
0400
0c00
1100
1100
0900
0c00
1000
2d00
2f00
2a00
3200
1f00
0c00
0600
0500
0200
0400
0300
0200
0400
0400
1200
1a00
1d00
0600
0e00
3600
5c00
2f00
3b00
3300
2000
0d00
0700
0a00
0500
0500
0300
0400
0600
0400
0700
1a00
1000
0500
0c00
2000
3400
3400
3400
2800
1d00
0a00
0400
0500
0300
0400
0200
0300
0400
0300
0600
1000
1700
0400
0600
1100
1c00
1f00
1d00
2200
1d00
0900
0300
0600
0300
0400
0200
0200
0300
0200
0c00
2000
2200
0600
0900
1500
3800
2400
3b00
2e00
1b00
0b00
0600
0500
0400
0700
0300
0300
0400
0400
0800
1800
1d00
0600
0a00
1f00
3700
2200
2800
2800
2500
0900
0600
0500
0300
0600
0500
0300
0600
0400
