1000
1700
2500
1600
1800
2400
3000
2a00
3200
4300
1b00
0700
0700
0b00
0500
0300
0100
0200
0100
0000
0a00
1d00
2d00
1600
1a00
0f00
1900
0d00
1e00
1d00
0b00
0500
0600
0b00
0600
0200
0100
0100
0000
0000
0d00
2000
1b00
0b00
0700
1e00
1900
0d00
1000
1900
0f00
0b00
0b00
0a00
0400
0300
0100
0100
0100
0000
0f00
3400
3900
2300
2200
1e00
3d00
2600
3000
2c00
1700
0e00
0a00
1400
0800
0500
0200
0200
0000
0100
0700
1900
2b00
1b00
2300
2100
2200
1d00
1600
2300
0a00
0700
0500
0b00
0700
0200
0100
0100
0000
0000
0e00
2800
1f00
1100
1200
1b00
2600
1c00
1500
1a00
0900
0800
0700
0900
0400
0100
0000
0000
0000
0000
0a00
2200
1900
1b00
1f00
1600
3400
2a00
1900
2e00
2100
0a00
0a00
0d00
0700
0400
0200
0100
0000
0000
0a00
1700
2c00
1f00
1400
1400
2600
1c00
2000
2200
1300
0700
0800
0a00
0400
0300
0100
0100
0000
0000
0e00
2200
2700
2100
1400
1900
2300
1900
1600
2b00
1400
0a00
0800
0f00
0900
0500
0100
0000
0000
0100
1000
2800
3600
1d00
1500
1700
3600
2900
1e00
2400
1300
0700
0800
0e00
0700
0400
0100
0100
0000
0100
0c00
1800
1e00
1200
1400
0b00
1e00
1900
2200
1f00
0f00
0a00
0400
0a00
0400
0400
0000
0100
0000
0000
1600
2400
3100
1000
1500
1500
3600
1d00
1e00
2400
1200
0600
0700
0900
0600
0200
0100
0000
0000
0000
0e00
1e00
3100
1800
1500
1500
2a00
1f00
2400
2400
1000
0500
0700
0a00
0800
0300
0100
0000
0000
0000
1400
1e00
2200
0c00
1700
1700
1c00
1800
1000
1e00
0b00
0400
0300
0b00
0700
0200
0100
0100
0000
0000
0f00
1700
2a00
2b00
1b00
1000
1b00
2900
2100
1700
1100
0600
0500
0a00
0800
0400
0100
0000
0000
0000
1100
2500
2400
1c00
1900
1600
3100
1e00
1400
1000
0b00
0300
0600
0500
0600
0500
0100
0000
0000
0000
0a00
1500
2700
1b00
1900
1200
3200
1800
1200
1500
0d00
0600
0300
0600
0400
0400
0200
0100
0000
0000
1000
1f00
1800
0e00
0c00
0e00
3300
1e00
1800
1b00
0d00
0700
0500
0800
0900
0500
0200
0200
0000
0000
1000
1500
1500
1100
1200
0900
1800
2000
1c00
1500
0a00
0700
0700
0700
0600
0500
0100
0000
0000
0000
1500
1d00
2900
1400
1200
0d00
3e00
2a00
2500
2c00
1f00
0800
0300
0a00
0600
0300
0200
0100
0000
0000
