0c00
0200
0000
0000
0000
0100
0100
0000
0000
0100
0000
0000
0000
0000
0000
0000
0000
0000
0000
0000
1400
0200
0100
0000
0000
0000
0000
0000
0000
0100
0000
0000
0000
0000
0000
0000
0000
0000
0000
0000
0900
0100
0000
0000
0000
0000
0000
0000
0000
0000
0000
0000
0000
0000
0000
0000
0000
0000
0000
0000
1900
0200
0100
0100
0000
0000
0000
0000
0000
0000
0000
0000
0000
0000
0000
0000
0000
0000
0000
0000
1000
0300
0100
0000
0000
0000
0000
0100
0000
0000
0100
0000
0000
0000
0000
0000
0000
0000
0000
0000
0f00
0300
0000
0000
0000
0000
0000
0000
0100
0100
0000
0000
0000
0000
0000
0000
0000
0000
0000
0000
0d00
0300
0200
0000
0000
0000
0000
0000
0100
0100
0100
0000
0000
0000
0000
0000
0000
0000
0000
0000
1300
0200
0100
0000
0100
0000
0000
0000
0000
0000
0100
0000
0000
0000
0000
0000
0000
0000
0000
0000
0a00
0100
0100
0100
0100
0100
0100
0100
0100
0100
0000
0000
0000
0000
0000
0000
0000
0000
0000
0000
0f00
0300
0000
0000
0000
0200
0000
0000
0000
0000
0000
0100
0000
0000
0000
0000
0000
0000
0000
0000
0e00
0300
0000
0000
0000
0000
0000
0000
0000
0000
0000
0000
0000
0000
0000
0000
0000
0000
0000
0000
0b00
0200
0100
0000
0000
0100
0100
0000
0000
0000
0000
0000
0000
0000
0000
0000
0000
0000
0000
0000
1700
0500
0100
0000
0000
0000
0000
0000
0000
0000
0000
0000
0000
0000
0000
0000
0000
0000
0000
0000
1400
0200
0100
0000
0000
0000
0000
0100
0000
0100
0000
0000
0000
0000
0000
0000
0000
0000
0000
0000
0d00
0300
0200
0000
0000
0100
0000
0000
0100
0000
0000
0000
0000
0000
0000
0000
0000
0000
0000
0000
1500
0400
0100
0000
0100
0000
0200
0100
0000
0000
0000
0000
0000
0000
0000
0000
0000
0000
0000
0000
0d00
0400
0200
0100
0100
0100
0100
0000
0000
0000
0100
0000
0000
0000
0000
0000
0000
0000
0000
0000
1100
0300
0100
0100
0000
0000
0000
0000
0000
0000
0000
0000
0000
0000
0000
0000
0000
0000
0000
0000
1200
0400
0300
0000
0000
0000
0000
0000
0100
0000
0000
0000
0000
0000
0000
0000
0000
0000
0000
0000
1600
0500
0300
0000
0100
0100
0000
0000
0000
0000
0000
0000
0000
0000
0000
0000
0000
0000
0000
0000
0d00
0400
0200
0200
0000
0000
0000
0000
0000
0000
0000
0000
0000
0000
0000
0000
0000
0000
0000
0000
0f00
0500
0300
0100
0000
0000
0000
0000
0000
0000
0200
0000
0000
0000
0000
0000
0000
0000
0000
0000
1100
0400
0100
0000
0000
0000
0000
0000
0200
0000
0000
0000
0000
0000
0000
0000
0000
0000
0000
0000
0e00
0400
0200
0000
0200
0000
0100
0100
0000
0000
0100
0100
0000
0000
0000
0000
0000
0000
0000
0000
0e00
0300
0300
0000
0100
0000
0000
0000
0000
0000
0000
0000
0000
0000
0000
0000
0000
0000
0000
0000
1300
0400
0000
0000
0000
0000
0100
0000
0100
0100
0000
0000
0000
0000
0000
0000
0000
0000
0000
0000
0b00
0300
0100
0000
0000
0100
0000
0000
0000
0000
0000
0000
0000
0000
0000
0000
0000
0000
0000
0000
1200
0400
0200
0000
0000
0000
0000
0000
0100
0100
0000
0000
0000
0000
0000
0000
0000
0000
0100
0000
1200
0600
0300
0200
0100
0100
0000
0100
0100
0200
0000
0000
0000
0000
0000
0000
0000
0000
0200
0000
0c00
0400
0200
0200
0200
0000
0000
0000
0100
0200
0000
0000
0000
0000
0000
0000
0000
0000
0400
0000
1200
0400
0200
0000
0100
0000
0000
0000
0000
0300
0000
0000
0100
0000
0000
0000
0000
0000
0400
0000
1400
0500
0100
0000
0000
0000
0000
0100
0000
0100
0000
0000
0000
0000
0000
0000
0000
0000
0400
0000
0b00
0500
0400
0000
0100
0000
0000
0000
0000
0100
0000
0000
0000
0000
0000
0000
0000
0000
0000
0000
0c00
0300
0200
0100
0100
0000
0000
0100
0100
0200
0000
0000
0000
0000
0000
0000
0000
0000
0000
0000
1200
0500
0100
0000
0000
0000
0000
0000
0100
0100
0000
0000
0000
0000
0000
0000
0000
0000
0000
0000
0c00
0200
0000
0000
0100
0200
0100
0000
0000
0000
0000
0000
0000
0000
0000
0000
0000
0000
0000
0000
1400
0300
0100
0100
0200
0000
0000
0100
0200
0200
0100
0000
0000
0100
0000
0000
0000
0000
0000
0300
1100
0300
0200
0100
0100
0100
0000
0000
0000
0200
0000
0000
0000
0000
0000
0000
0000
0000
0000
0200
0e00
0300
0100
0000
0100
0000
0000
0000
0100
0100
0000
0000
0000
0000
0000
0000
0300
0f00
0d00
0300
0d00
0000
0100
0000
0000
0000
0000
0000
0000
0000
0000
0000
0000
0000
0000
0000
0000
0900
1300
5d00
1500
0400
0000
0000
0000
0000
0000
0000
0000
0000
0000
0000
0000
0000
0000
0000
0000
2300
7d00
1400
0e00
0400
0100
0100
0000
0200
0000
0000
0100
0200
0000
0000
0000
0000
0200
0900
0f00
5300
5400
0d00
1100
0400
0200
0000
0100
0000
0000
0100
0000
0100
0100
0000
0000
0000
0000
0100
0200
2000
2600
1600
1100
0200
0100
0000
0000
0000
0000
0000
0000
0000
0000
0000
0000
0000
0000
0000
0000
0b00
1400
4a00
1200
0200
0000
0000
0000
0000
0000
0000
0000
0000
0000
0000
0000
0000
0000
0000
5300
cf00
3c00
1400
0c00
0400
0100
0200
0300
0100
0000
0000
0000
0000
0000
0000
0000
0000
0000
0000
0c00
3100
1b00
0f00
1300
0200
0000
0000
0000
0000
0000
0000
0000
0000
0000
0000
0000
0000
0000
0100
4800
a200
0f00
0700
1100
0200
0100
0100
0100
0000
0000
0100
0100
0100
0000
0000
0000
0500
0d00
1000
3c00
7b00
1600
0300
1200
0400
0100
0100
0000
0100
0000
0000
0100
0000
0000
0000
0000
0000
0100
0200
0f00
2c00
0900
0300
0c00
0300
0100
0000
0000
0000
0100
0100
0000
0000
0000
0000
0000
0100
0e00
3b00
6200
5100
1100
0300
1300
0200
0100
0000
0000
0000
0000
0000
0000
0000
0000
0000
0000
1600
5000
8500
2700
1100
0300
0000
0c00
0300
0300
0100
0100
0000
0000
0000
0000
0000
0000
0000
0000
0900
1b00
2d00
0f00
0700
0100
0000
1300
0400
0200
0100
0000
0000
0000
0100
0000
0000
0100
0000
0000
0400
1500
1b00
4200
4e00
1200
0500
0e00
0400
0100
0000
0000
0000
0200
0000
0100
0000
0000
0000
0000
0400
0a00
1000
1000
1a00
1800
1500
0e00
0400
0400
0000
0000
0000
0000
0000
0000
0000
0000
0000
0000
0100
0d00
3300
1d00
1400
0800
0e00
0d00
0400
0200
0100
0000
0000
0000
0000
0200
0100
0000
0000
0000
0100
0a00
1c00
0700
0400
0100
0600
1400
0200
0200
0000
0000
0000
0100
0000
0100
0000
0000
0000
0000
0000
0200
0600
0200
0100
0000
0100
0a00
0500
0300
0000
0100
0000
0100
0000
0000
0000
0000
0000
0000
0000
0100
0300
0100
0100
0900
1d00
1500
0500
0200
0000
0000
0000
0000
0000
0000
0000
0000
0000
0000
0000
0000
0100
0000
0000
0e00
2f00
0f00
0400
0100
0100
0100
0100
0000
0100
0000
0000
0000
0000
0000
0000
0000
0000
0e00
1f00
2000
1b00
1000
0500
0300
0100
0100
0000
0000
0100
0100
0000
0000
0000
0000
0000
0000
0000
0500
0900
0f00
0700
1100
0300
0000
0000
0100
0000
0000
0000
0100
0000
0000
0000
0000
0000
0000
0000
0000
0200
0400
0200
1200
0400
0400
0300
0300
0100
0100
0300
0100
0100
0100
0000
0000
0000
0000
0000
0000
0000
0100
0000
0b00
0400
0400
0100
0100
0100
0100
0000
0100
0000
0000
0000
0000
0000
0000
0000
0000
0000
0000
0000
1b00
0400
0300
0100
0000
0000
0100
0000
0000
0000
0000
0000
0000
0000
0000
0000
0000
0000
0000
0000
0d00
0400
0100
0000
0100
0000
0000
0000
0100
0100
0000
0000
0000
0000
0000
0000
0000
0000
0000
0000
1100
0400
0200
0100
0000
0000
0100
0000
0000
0000
0000
0000
0000
0000
0000
0000
0000
0000
0000
0000
0b00
0400
0300
0000
0100
0000
0000
0000
0000
0100
0000
0000
0000
0000
0000
0000
0000
0000
0000
0000
1700
0500
0100
0000
0000
0000
0000
0000
0100
0100
0000
0000
0000
0000
0000
0000
0000
0000
0000
0000
0500
0500
0400
0200
0100
0000
0000
0000
0000
0000
0000
0000
0000
0000
0000
0000
0000
0000
0000
0000
1400
0200
0200
0200
0200
0000
0100
0100
0000
0000
0000
0000
0000
0000
0000
0000
0000
0000
0000
0000
0e00
0400
0100
0000
0000
0000
0000
0000
0100
0000
0000
0000
0000
0000
0000
0000
0000
0000
0000
0000
1500
0300
0200
0000
0100
0100
0100
0100
0100
0100
0000
0000
0000
0000
0000
0000
0000
0000
0000
0000
0700
0300
0200
0100
0000
0200
0100
0000
0000
0000
0000
0000
0000
0000
0000
0000
0000
0000
0000
0000
1700
0300
0200
0100
0000
0000
0100
0000
0000
0000
0000
0000
0000
0000
0000
0000
0000
0000
0000
0000
0900
0200
0200
0100
0100
0000
0000
0200
0100
0100
0000
0000
0000
0000
0000
0000
0000
0000
0000
0000
1200
0200
0000
0000
0000
0000
0000
0000
0100
0000
0000
0000
0000
0000
0000
0000
0000
0000
0000
0000
0a00
0600
0200
0100
0100
0100
0100
0100
0100
0000
0000
0000
0000
0000
0000
0000
0000
0000
0000
0000
1200
0500
0100
0000
0000
0000
0000
0000
0200
0000
0000
0000
0000
0000
0000
0000
0000
0000
0000
0000
0700
0200
0300
0000
0000
0000
0000
0000
0000
0000
0000
0000
0000
0000
0000
0000
0000
0000
0000
0000
1500
0400
0300
0000
0000
0000
0000
0000
0000
0000
0000
0000
0000
0000
0000
0000
0000
0000
0000
0400
0b00
0300
0200
0000
0000
0000
0000
0000
0100
0000
0000
0000
0000
0000
0000
0000
0000
0000
0000
0500
1400
0400
0100
0100
0000
0100
0100
0100
0000
0100
0100
0000
0000
0000
0000
0000
0000
0000
0000
0700
0d00
0200
0100
0100
0000
0000
0000
0000
0000
0000
0000
0000
0000
0000
0000
0000
0000
0000
0000
0500
1300
0400
0100
0200
0200
0000
0000
0100
0000
0100
0000
0000
0000
0000
0000
0000
0000
0000
0000
0700
1000
0300
0200
0000
0000
0000
0100
0000
0000
0100
0000
0000
0000
0000
0000
0000
0000
0000
0000
0000
1600
0200
0100
0100
0100
0000
0000
0000
0000
0000
0000
0000
0000
0000
0000
0000
0000
0000
0000
0000
0800
0200
0200
0100
0000
0000
0000
0100
0000
0000
0000
0000
0000
0000
0000
0000
0000
0000
0000
0000
0e00
0300
0200
0100
0000
0000
0000
0000
0100
0000
0000
0000
0000
0000
0000
0000
0000
0000
0000
0000
0b00
0300
0300
0000
0100
0200
0100
0000
0000
0000
0000
0000
0000
0000
0000
0000
0000
0000
0000
0000
1100
0500
0100
0000
0000
0000
0000
0000
0100
0100
0000
0000
0000
0000
0000
0000
0000
0000
0000
0000
0800
0300
0200
0000
0000
0000
0000
0000
0000
0000
0000
0000
0000
0000
0000
0000
0000
0000
0000
0000
1a00
0200
0000
0000
0100
0200
0100
0000
0000
0000
0000
0000
0000
0000
0000
0000
0000
0000
0000
0000
0800
0500
0200
0000
0200
0100
0000
0100
0100
0000
0000
0000
0000
0000
0000
0000
0000
0000
0000
0000
1400
0300
0100
0000
0100
0000
0100
0000
0100
0000
0000
0000
0000
0000
0000
0000
0000
0300
0700
0700
0f00
0400
0200
0000
0100
0000
0100
0100
0100
0000
0000
0000
0000
0000
0000
0000
0000
0100
3300
4e00
1300
0300
0100
0000
0100
0100
0100
0100
0400
0000
0000
0000
0000
0000
0000
0000
0700
2600
4500
2d00
0b00
0500
0300
0200
0100
0000
0000
0000
0100
0000
0000
0000
0000
0000
0000
0000
0000
0700
1200
0e00
1500
0500
0000
0000
0000
0000
0000
0000
0100
0000
0000
0000
0000
0000
0000
0000
0e00
2e00
3000
0500
0900
0400
0100
0000
0000
0100
0000
0000
0000
0100
0000
0000
0000
0000
0000
0000
0200
1b00
3400
a300
1000
0100
0000
0000
0000
0000
0000
0000
0000
0000
0000
0000
0000
0000
0000
0000
0000
1d00
d400
2f00
0c00
0100
0200
0000
0000
0000
0000
0000
0000
0000
0000
0000
0000
0200
0800
1c00
3400
5600
6a00
1900
