1400
0900
0100
0100
0400
0200
0000
0000
0100
0000
0000
0000
0000
0000
0000
0000
0000
0000
0000
0000
0f00
0800
0300
0800
0700
0200
0100
0200
0100
0000
0000
0000
0000
0000
0000
0000
0000
0000
0000
0000
1200
0b00
0300
0400
0600
0100
0100
0000
0200
0100
0000
0000
0000
0000
0000
0000
0000
0000
0000
0000
1000
0500
0200
0500
0700
0200
0300
0200
0300
0100
0000
0000
0000
0000
0000
0000
0000
0000
0000
0000
1000
0200
0400
0100
0000
0200
0500
0300
0100
0100
0000
0000
0000
0000
0000
0000
0000
0000
0000
0000
0b00
0600
0300
0100
0500
0500
0300
0200
0200
0100
0000
0000
0100
0000
0000
0000
0000
0000
0000
0000
0f00
0500
0300
0200
0200
0300
0100
0100
0000
0000
0000
0000
0000
0000
0000
0000
0000
0000
0000
0000
1000
0300
0200
0000
0100
0200
0000
0100
0000
0000
0000
0000
0000
0000
0000
0000
0000
0000
0000
0000
0e00
0500
0300
0000
0500
0300
0300
0100
0100
0000
0000
0000
0000
0000
0000
0000
0000
0000
0000
0100
0600
0300
0300
0000
0100
0100
0000
0200
0100
0000
0000
0000
0000
0000
0000
0000
0000
0000
0000
0000
1500
0400
0200
0200
0400
0100
0200
0100
0000
0000
0000
0000
0000
0000
0000
0000
0000
0000
0000
0000
0600
0700
0600
0500
0600
0300
0700
0400
0400
0200
0000
0000
0000
0000
0000
0000
0000
0000
0000
0000
0e00
0800
0300
0200
0200
0100
0200
0500
0200
0100
0000
0000
0000
0000
0000
0000
0000
0000
0000
0000
0b00
0500
0200
0000
0200
0100
0300
0200
0100
0000
0000
0000
0000
0000
0000
0000
0000
0000
0000
0000
1600
0400
0200
0000
0200
0000
0200
0200
0200
0000
0000
0000
0000
0000
0000
0000
0000
0000
0000
0000
0b00
0400
0200
0000
0100
0100
0100
0200
0100
0000
0000
0000
0000
0000
0000
0000
0000
0000
0000
0000
1000
0400
0200
0100
0100
0000
0200
0200
0200
0100
0100
0000
0000
0000
0000
0000
0000
0000
0000
0000
0a00
0200
0200
0000
0100
0100
0100
0100
0100
0100
0000
0000
0000
0000
0000
0000
0000
0000
0000
0000
0d00
0300
0400
0000
0200
0200
0200
0000
0000
0000
0000
0000
0000
0000
0000
0000
0000
0000
0000
0000
0c00
0300
0200
0200
0000
0000
0100
0000
0000
0000
0000
0000
0000
0000
0000
0000
0000
0000
0000
0000
1400
0800
0300
0000
0000
0100
0200
0100
0100
0000
0000
0000
0000
0000
0000
0000
0000
0000
0000
0000
0d00
0900
0500
0200
0200
0100
0100
0200
0300
0000
0000
0000
0000
0000
0000
0000
0000
0000
0000
0000
1200
0c00
0700
0200
0200
0100
0000
0300
0400
0000
0000
0000
0000
0000
0000
0000
0000
0000
0000
0000
0700
0600
0800
0100
0100
0300
0200
0200
0200
0200
0000
0000
0000
0000
0000
0000
0000
0000
0000
0000
1300
0400
0200
0000
0000
0100
0300
0400
0200
0000
0000
0000
0000
0000
0000
0000
0000
0000
0000
0000
0b00
0500
0700
0100
0100
0200
0100
0300
0200
0100
0000
0000
0000
0000
0000
0000
0000
0000
0000
0000
1100
0500
0700
0000
0100
0100
0400
0400
0200
0100
0000
0000
0000
0000
0000
0000
0000
0000
0000
0000
0b00
0c00
0600
0000
0300
0200
0100
0400
0300
0000
0000
0000
0000
0000
0000
0000
0000
0000
0000
0000
1200
0400
0500
0400
0200
0100
0400
0400
0200
0000
0000
0000
0000
0000
0000
0000
0000
0000
0000
0000
0c00
0500
0500
0400
0400
0300
0700
0600
0500
0100
0000
0000
0000
0000
0000
0000
0000
0000
0000
0000
1100
0400
0200
0300
0600
0200
0200
0500
0300
0200
0000
0000
0000
0000
0000
0000
0000
0000
0000
0000
1100
0700
0400
0200
0500
0200
0400
0400
0600
0500
0500
0000
0200
0100
0000
0000
0600
0700
0000
0100
1200
0e00
0900
0900
0600
0800
1100
0b00
0c00
0b00
0800
0300
0300
0600
0400
0100
0600
0700
0200
0200
0c00
1600
1300
0300
0700
0800
0e00
0b00
0800
0a00
0600
0300
0200
0300
0300
0100
0200
0400
0100
0100
0f00
1200
0b00
0a00
0500
0800
0d00
0b00
1400
1100
0700
0400
0400
0500
0300
0100
0100
0200
0200
1d00
0b00
1300
1300
0a00
0700
0600
0900
1000
1100
0700
0800
0300
0700
0400
0100
0100
0100
0100
0200
2400
0f00
1000
1600
0700
0900
0a00
0a00
0f00
1100
0a00
0c00
0400
0300
0500
0300
0200
0400
0300
0200
0b00
0c00
0800
0f00
0900
0c00
0b00
0f00
0b00
0f00
0a00
0c00
0500
0400
0400
0200
0200
0300
0200
0400
0a00
1300
0500
0d00
0800
0c00
0600
0800
0800
0b00
0a00
0900
0500
0300
0600
0200
0100
0a00
1800
1c00
0700
0b00
0f00
0700
0900
0600
0300
0b00
0c00
0c00
0b00
0b00
0500
0300
0600
0300
0200
1300
0e00
0900
0f00
1000
0e00
0b00
0300
0700
0500
0800
0800
0b00
0700
0900
0400
0300
0500
0200
0200
0900
0800
0b00
0500
1400
0d00
0a00
0b00
0800
0600
0800
0c00
0d00
0b00
0700
0300
0500
0600
0200
0200
0700
0500
0500
0200
1200
0700
0700
0600
0700
0800
0800
0700
1000
0d00
0700
0200
0400
0500
0200
0200
0d00
0800
0500
0400
0e00
0d00
0e00
0800
0700
0600
0e00
0d00
1000
0a00
0b00
0300
0300
0200
0200
0100
0500
0600
0800
0400
1500
1100
1200
0800
0a00
0700
0800
1300
0d00
0c00
0700
0300
0200
0200
0200
0100
0400
0400
0200
0100
0600
1400
0c00
0900
0500
0600
0800
0900
0d00
0b00
0600
0300
0400
0600
0400
0200
0100
0100
0100
0000
1000
0a00
1600
0800
0a00
0600
0c00
1100
1400
0700
0f00
0500
0200
0400
0200
0400
0800
0200
0300
0400
0b00
0d00
0a00
0700
0700
0900
1200
0a00
0f00
0900
0600
0500
0200
1500
1200
0b00
0f00
0500
0100
0100
1500
1200
0f00
0900
0b00
0800
1200
0f00
0d00
1000
0900
0500
0300
0800
0800
0800
0800
0200
0200
0300
0c00
0a00
0c00
0600
0700
0900
0f00
0c00
0a00
0c00
0a00
0400
0300
0700
0600
0700
0700
0300
0400
0500
1400
1000
1000
0a00
0a00
0900
0a00
0b00
0e00
0c00
0600
0300
0300
0500
0600
0300
0300
0200
0d00
0c00
0900
0f00
0c00
0800
0900
0800
0900
0e00
1500
0900
0600
0200
0300
0500
0300
0200
0200
0300
0c00
1000
1600
0e00
0c00
0900
0900
0800
0c00
0600
1200
1700
0e00
0400
0300
0600
0100
0100
0200
0300
0500
0400
0c00
0900
0b00
0200
0500
0700
1100
0900
1000
0c00
0500
0400
0400
0300
0100
0000
0100
0100
0300
0200
1100
1a00
1000
0500
0600
0600
1000
1500
0c00
0a00
0500
0400
0300
0400
0200
0100
0200
0200
0100
0200
0a00
0d00
0900
0c00
0800
0400
0a00
1100
0f00
0900
0a00
0700
0400
0500
0200
0200
0700
1000
2200
1200
1900
0f00
0d00
0800
0c00
0600
0900
0800
0d00
0b00
0a00
0500
0300
0400
0300
0200
0400
0900
0e00
0700
0b00
1100
1300
0400
0800
0b00
0d00
1000
0e00
0c00
0800
0600
0300
0400
0400
0300
0400
0600
0b00
0400
0e00
1600
0f00
0d00
0b00
0800
1100
1000
0c00
1100
0b00
0300
0100
0300
0400
0200
0200
0200
0400
0300
1200
1100
1100
0900
0a00
0700
0d00
0e00
1100
1000
0e00
0500
0200
0500
0400
0100
0100
0400
0200
0000
1100
1100
1100
0c00
0e00
0a00
0c00
0f00
1200
0c00
0b00
0400
0400
0300
0100
0200
0d00
1e00
0300
0500
0800
0900
0c00
0300
0300
0400
0f00
1d00
1400
0900
0c00
0500
0300
0500
0300
0100
1000
1200
0300
0b00
1b00
0d00
0b00
0a00
0600
0700
0f00
1200
0f00
0a00
0d00
0500
0200
0700
0300
0200
0600
0800
0600
2800
0e00
0800
0900
0500
0700
0900
1000
0a00
0d00
0c00
0e00
0400
0100
0300
0400
0200
0500
0600
0300
1b00
1300
0e00
0a00
0a00
0400
0500
1500
0e00
0900
1200
0c00
0400
0300
0300
0300
0100
0200
0300
0500
1500
0a00
0600
0500
0a00
0b00
0b00
0a00
1100
1500
0c00
0700
0300
0300
0600
0200
0100
0000
0100
0100
0700
1500
1100
0b00
0900
0600
0600
0c00
0f00
0f00
1000
0a00
0200
0200
0600
0200
0000
0000
0100
0300
0a00
0a00
0e00
0600
0800
0600
0a00
0f00
0b00
0c00
1500
0d00
0500
0300
0600
0700
0400
0200
0400
0500
0500
1400
0a00
1000
0900
0800
0500
0f00
0d00
1100
0900
0700
0500
0600
0700
0700
0300
0000
0400
0100
0200
0d00
0f00
0f00
0600
0600
0b00
0c00
0d00
0a00
0800
0900
0200
0400
0600
0600
0400
1200
1400
0b00
0e00
0d00
0900
0900
0600
0500
0400
1400
1b00
1200
0800
0e00
0400
0500
0700
0500
0300
0c00
0f00
0b00
1b00
0d00
1000
1000
0800
0600
0500
0c00
0d00
1000
0e00
0d00
0400
0300
0500
0300
0300
0900
0700
1100
1700
0f00
1000
0b00
0700
0700
0600
0e00
0c00
0e00
0800
0e00
0400
0300
0400
0400
0100
0800
0800
0a00
0e00
1000
0e00
1100
0600
0900
0c00
0a00
0900
0a00
0a00
0700
0400
0500
0400
0300
0100
0100
0500
0c00
0d00
1300
0800
1000
0700
0500
0600
1000
0a00
0f00
1000
0d00
0300
0100
0300
0300
0100
0100
0400
3d00
0c00
0d00
0c00
0a00
0700
0400
0300
0500
0a00
0b00
0d00
0a00
0400
0400
0400
0100
0100
0000
0300
1b00
0500
1400
0a00
0c00
0700
0800
0600
0d00
0a00
0600
0e00
0600
0400
0500
0700
0300
0200
0800
0900
1b00
2600
0a00
0b00
0700
0900
0600
0500
0800
0a00
0700
0d00
0a00
0200
0500
0500
0400
0300
0600
0b00
1400
1600
1400
0e00
0700
0600
0300
0500
0a00
1300
1100
0d00
0d00
0500
0300
0600
0300
0100
0200
0500
0900
0c00
0b00
0d00
0a00
0600
0500
0200
0600
0a00
0900
0500
0700
0400
0500
3000
4600
0000
0100
0200
0400
0e00
1400
0800
0e00
0d00
0600
0600
0e00
0800
0a00
0c00
0a00
0500
0300
1900
3600
0100
0200
0500
0300
0600
0f00
0b00
0c00
0600
0600
0600
0a00
0900
1300
1000
0800
0200
0200
0a00
1500
0100
0000
0300
0200
0300
1300
0d00
1200
0600
0900
0400
0700
0b00
0f00
0b00
0800
0400
0200
0500
0500
0000
0400
0600
0100
0200
0900
0700
0b00
0800
0500
0300
0b00
0900
1000
0c00
0a00
0600
0200
0500
0800
0400
0800
0c00
0b00
0d00
1800
0800
0800
0500
0400
0600
0e00
0a00
0e00
1000
0900
0300
0300
0700
0700
0800
0e00
0900
0900
1a00
0700
0b00
0b00
0500
0600
0b00
0e00
1100
0d00
0b00
0900
0300
0400
0500
0400
0500
1000
0600
0500
0b00
1600
0a00
0c00
0300
0200
0600
0900
0300
0800
0e00
0600
0400
0200
0600
0500
0700
0b00
0400
0300
0700
0f00
0a00
0a00
0800
0300
0600
0800
1500
2200
1500
1400
0300
0200
0900
0400
0500
0900
0400
0400
0400
1300
1000
0e00
0600
0500
0600
1700
1e00
0600
0600
1200
0800
0300
0400
0200
0300
0f00
1000
0500
0400
0a00
1200
0a00
0400
0700
0700
0b00
1100
0c00
1100
0c00
0500
0400
0500
0300
0200
0a00
0e00
0e00
1800
1a00
0c00
0b00
0600
0500
0800
0700
0f00
1100
0900
0f00
0500
0400
0600
0400
0400
0600
1200
1700
1800
0b00
1100
1100
0c00
0300
0600
0e00
1000
1200
0e00
0700
0300
0200
0700
0400
0600
0400
1000
1900
1200
1100
0d00
0a00
0900
0200
0700
0d00
0d00
0800
0500
0900
0400
0300
0700
0500
0400
0500
1300
0900
0b00
0f00
0a00
0900
0700
0400
0400
1300
0900
0c00
0f00
0a00
0800
0400
0800
0400
0400
0500
1100
0600
0500
1500
0e00
1100
0a00
0500
0500
0900
0c00
1000
1500
0d00
0400
0300
0400
0100
0400
0200
0d00
1300
0600
0c00
0b00
0e00
0500
0700
0600
0d00
0b00
0b00
0e00
0b00
0400
0500
0600
0200
1000
1700
1900
0700
1e00
1200
1000
0e00
0800
0700
0500
0800
0b00
0a00
0a00
0a00
0600
0200
0300
0300
0900
1200
1800
0a00
1500
0c00
0d00
0c00
0600
0800
0300
0a00
0c00
0b00
0600
0500
0400
0300
0400
0500
0700
0c00
1100
0900
1e00
1000
0f00
0c00
0600
0500
0900
0f00
0800
0f00
0a00
0b00
0400
0300
0500
0200
0300
0500
1200
1100
0f00
0900
1000
0c00
0600
0400
0500
0d00
0a00
0f00
0f00
0d00
0400
0500
0600
0300
0100
1300
3500
1e00
1b00
1000
0d00
1000
0d00
0300
0300
0600
0d00
1500
0e00
0500
0400
0400
0600
0300
0200
0700
1d00
0f00
0800
1000
0b00
1100
0700
0500
0600
0d00
0b00
0d00
1200
0b00
0500
0400
0600
0300
0000
0300
0e00
1500
2400
