1300
0600
0100
0000
0000
0000
0000
0100
0000
0000
0000
0000
0000
0200
0300
0100
0100
0000
0000
0000
1500
0400
0400
0000
0100
0000
0000
0000
0000
0000
0000
0000
0000
0000
0100
0100
0000
0000
0000
0000
1000
0300
0100
0000
0000
0000
0000
0000
0100
0000
0000
0000
0000
0000
0000
0100
0000
0000
0000
0000
1600
0200
0100
0100
0000
0000
0000
0100
0000
0000
0000
0000
0000
0000
0000
0000
0000
0000
0000
0000
1100
0200
0100
0000
0000
0000
0000
0000
0000
0000
0000
0000
0000
0000
0000
0000
0000
0000
0000
0000
1200
0300
0100
0000
0000
0000
0000
0000
0000
0000
0000
0000
0000
0400
0900
0c00
0700
0900
0000
0000
0b00
0200
0100
0000
0000
0100
0100
0000
0000
0000
0000
0000
0000
0100
0500
0b00
0200
0200
0000
0000
1800
0300
0100
0000
0100
0000
0000
0000
0000
0000
0000
0000
0000
0c00
0a00
0700
0300
0100
0000
0000
0d00
0400
0100
0100
0000
0000
0000
0000
0000
0000
0000
0000
0000
0600
0300
0200
0000
0000
0000
0000
1200
0400
0000
0000
0000
0000
0000
0000
0000
0000
0000
0000
0000
0300
0500
0400
0300
0500
0b00
0700
1200
0600
0100
0000
0000
0000
0000
0000
0000
0000
0000
0000
0100
0200
0200
0300
1400
0d00
0700
0d00
0d00
0100
0100
0000
0000
0000
0000
0000
0000
0100
0000
0000
0000
0100
0100
0200
1900
0600
0900
0a00
0d00
0300
0200
0000
0100
0000
0000
0000
0000
0000
0000
0000
0100
0000
0100
0100
0300
0300
0400
0a00
1400
0400
0200
0100
0100
0000
0000
0000
0000
0000
0000
0000
0000
0600
0700
0600
0400
0300
0700
0e00
0800
0300
0100
0100
0000
0000
0000
0000
0000
0000
0000
0000
0000
0200
0300
0100
0100
0000
0200
0300
1400
0300
0100
0100
0000
0000
0000
0000
0000
0000
0000
0000
0000
0100
0000
0000
0100
0000
0100
0300
0e00
0400
0200
0200
0100
0100
0100
0000
0000
0000
0000
0000
0000
0000
0200
0500
0100
0100
0000
0000
1200
0500
0200
0000
0000
0000
0000
0000
0000
0000
0000
0000
0000
0000
0100
0a00
0600
0000
0000
0200
0d00
0500
0200
0100
0000
0000
0100
0000
0000
0000
0000
0000
0000
0000
0000
0500
0300
0000
1100
0a00
1500
0400
0300
0100
0100
0000
0000
0000
0000
0000
0000
0000
0000
0000
0000
0500
0400
0000
0700
0700
0900
0300
0100
0100
0000
0000
0000
0000
0000
0000
0000
0000
0000
0000
0000
0200
0100
0000
0100
0200
1700
0400
0200
0000
0100
0000
0000
0000
0000
0000
0000
0000
0000
0000
0000
0100
0000
0000
0000
0100
0f00
0400
0100
0000
0000
0100
0200
0000
0000
0000
0000
0000
0000
0000
0000
0000
0000
0000
0000
0000
1800
0300
0200
0100
0000
0000
0000
0000
0000
0000
0000
0000
0000
0000
0000
0000
0000
0000
0000
0000
0a00
0500
0200
0000
0200
0000
0000
0000
0000
0000
0000
0000
0000
0000
0000
0100
0100
0400
0400
0400
1400
0400
0200
0000
0000
0000
0100
0000
0000
0000
0000
0000
0000
0200
0100
0300
0800
1400
0b00
0100
0900
0300
0200
0000
0000
0000
0000
0000
0000
0000
0000
0000
0000
0000
0100
0300
0600
0800
0400
0200
1300
0500
0200
0000
0000
0000
0000
0000
0000
0000
0000
0000
0000
0000
0000
0200
0500
0400
0100
0100
1000
0200
0100
0000
0000
0100
0000
0000
0000
0000
0000
0000
0000
0100
0200
0300
0700
0600
0c00
0b00
1400
0400
0100
0100
0100
0100
0000
0000
0000
0000
0000
0000
0100
0300
0200
0100
0400
0700
0f00
0400
0700
0600
0200
0100
0100
0000
0000
0000
0000
0000
0000
0000
0100
0300
0200
0100
0300
0800
1100
0800
1c00
0400
0200
0100
0100
0000
0000
0000
0000
0000
0000
0000
0000
0100
0100
0000
0100
0700
0900
0400
0900
0200
0100
0000
0000
0000
0000
0000
0000
0000
0000
0000
0000
0000
0000
0000
0100
0600
0600
0e00
1500
0500
0300
0200
0000
0000
0000
0000
0000
0000
0000
0000
0000
0000
0000
0000
0000
0200
0400
1100
0d00
0500
0200
0000
0000
0100
0000
0000
0000
0000
0000
0000
0000
0000
0000
0000
0000
0000
0800
1400
1600
0300
0100
0000
0100
0000
0000
0000
0000
0000
0000
0000
0000
0000
0000
0000
0000
0100
0500
0b00
0700
0500
0200
0000
0000
0000
0000
0000
0000
0000
0000
0000
0000
0000
0a00
1a00
0100
0000
0200
0a00
1400
0600
0200
0000
0000
0100
0100
0000
0000
0000
0000
0000
0000
0000
0200
0b00
0800
1200
0b00
0300
0d00
0500
0200
0000
0000
0000
0100
0000
0000
0000
0000
0000
0000
0000
0100
0600
0200
0400
0500
0100
1200
0200
0200
0100
0000
0000
0000
0000
0000
0000
0000
0000
0000
0000
0000
0400
0200
0400
0100
0000
0d00
0300
0200
0100
0000
0000
0000
0000
0100
0000
0000
0000
0000
0100
0400
0d00
0b00
0500
0200
0100
1300
0300
0200
0100
0000
0000
0000
0000
0000
0000
0000
0000
0000
0100
0100
0500
0400
0300
0200
0700
0900
0600
0300
0200
0100
0000
0000
0000
0000
0000
0000
0000
0000
0000
0000
0400
0500
0100
0000
0300
1200
0200
0100
0100
0100
0000
0000
0000
0000
0000
0000
0000
0000
0000
0000
0000
0100
0000
0000
0800
0f00
0500
0400
0100
0100
0000
0000
0000
0000
0000
0000
0000
0000
0000
0000
0000
0000
0000
0000
0400
0e00
0300
0000
0200
0200
0000
0000
0000
0000
0000
0000
0000
0000
0000
0000
0100
0100
0000
0000
0100
0e00
0400
0200
0000
0100
0100
0000
0000
0000
0000
0000
0000
0000
0000
0300
0a00
0d00
1300
0000
0000
1100
0400
0300
0100
0200
0000
0000
0000
0000
0000
0000
0000
0000
0000
0000
0300
0c00
3900
0a00
0000
0500
0400
0100
0000
0100
0000
0000
0000
0000
0000
0000
0000
0000
0000
0000
0200
0900
2a00
0600
0000
1900
0400
0200
0000
0000
0000
0000
0000
0000
0000
0000
0000
0000
0000
0000
0800
1800
1800
0400
0000
0a00
0500
0100
0100
0000
0000
0000
0000
0000
0000
0000
0000
0000
0000
0000
0200
2600
2000
0200
0200
1300
0300
0100
0000
0000
0000
0100
0000
0200
0200
0000
0000
0000
0000
0000
0400
1d00
2100
0200
0600
0d00
0200
0000
0000
0000
0000
0000
0200
0100
0800
0600
0000
0000
0000
0000
0000
1a00
4d00
0100
0100
1400
0300
0200
0000
0100
0100
0200
0200
0200
0600
0500
0100
0000
0000
0000
0000
0700
1000
0100
0000
0a00
0600
0600
0100
0300
0300
0200
0100
0500
0100
0200
0000
0000
0100
0100
0400
1d00
3300
1e00
1f00
1600
0400
0300
0100
0200
0200
0100
0100
0600
0200
0100
0000
0000
0000
0000
0000
1100
2800
0700
0500
0f00
0600
0600
0200
0100
0200
0100
0300
0500
0200
0200
0000
0000
0000
0000
0000
1800
1f00
1300
0100
0e00
0400
0400
0200
0100
0300
0300
0500
0a00
0300
0300
0100
0000
0000
0000
0000
0d00
1500
0900
0800
0d00
0700
0500
0200
0000
0200
0400
0300
0800
0400
0300
0100
0200
0100
0100
0300
0f00
1700
1300
1100
1300
0300
0500
0300
0200
0100
0300
0400
0700
0400
0100
0000
0100
0200
0100
0000
2800
3900
1500
0100
0900
0400
0200
0200
0100
0200
0500
0200
0300
0100
0100
0000
0000
0100
0000
0000
0b00
0e00
0500
0000
1300
0300
0400
0100
0000
0000
0200
0600
0200
0100
0100
0000
0000
0000
0000
0100
1c00
2e00
1600
0d00
0f00
0600
0300
0300
0200
0100
0400
0400
0200
0200
0000
0000
0000
0000
0000
0000
1100
1f00
0800
0200
0d00
0500
0400
0100
0000
0000
0100
0600
0b00
0300
0200
0000
0100
0200
0000
0100
1500
1500
2400
0300
0a00
0400
0300
0100
0100
0100
0400
0b00
0a00
0600
0100
0000
0100
0200
0000
0000
0700
0800
0400
0000
1500
0300
0200
0200
0000
0100
0200
0400
0700
0600
0600
0200
0100
0100
0100
0100
1b00
2900
2900
1b00
0900
0300
0100
0100
0000
0100
0100
0400
0500
0500
0200
0100
0100
0100
0000
0100
1f00
2d00
0f00
0000
1200
0200
0200
0100
0000
0000
0000
0100
0400
0100
0000
0000
0000
0100
0100
0100
0c00
0800
0900
0100
0b00
0100
0000
0000
0200
0000
0300
0100
0200
0200
0000
0000
0000
0100
0000
0000
0500
0500
0200
0000
1000
0400
0300
0200
0000
0000
0100
0500
0700
0200
0200
0000
0000
0200
0100
0200
1900
2c00
2e00
1500
1200
0300
0100
0000
0100
0100
0100
0900
0d00
0700
0200
0000
0000
0100
0000
0100
1400
1f00
0b00
0000
1700
0200
0200
0100
0000
0000
0000
0300
0500
0700
0100
0000
0000
0100
0000
0100
0e00
0b00
1000
0200
0e00
0300
0200
0000
0100
0000
0100
0100
0600
0400
0100
0000
0000
0100
0000
0000
0300
0400
0200
0000
1400
0300
0100
0000
0000
0100
0200
0100
0500
0400
0300
0000
0000
0000
0500
0400
0200
0200
0100
0000
1000
0300
0300
0000
0000
0300
0400
0500
0300
0500
0300
0200
0200
0a00
1200
0800
0300
0500
0200
0000
1100
0200
0100
0100
0100
0100
0300
0300
0300
0500
0200
0100
0100
0400
0b00
0600
0100
0200
0000
0000
1100
0300
0100
0100
0200
0100
0200
0400
0300
0500
0300
0000
0000
0000
0300
0100
0000
0000
0000
0000
1700
0500
0400
0300
0200
0100
0200
0700
0d00
0c00
0500
0100
0100
0200
0c00
0a00
0600
0f00
0700
0000
0e00
0200
0200
0200
0200
0100
0300
0300
0700
0800
0300
0100
0100
0600
0c00
0900
0200
0400
0100
0000
0f00
0400
0100
0100
0000
0000
0100
0300
0700
0400
0200
0000
0000
0300
0500
0200
0000
0100
0000
0000
1200
0500
0200
0100
0200
0100
0500
0100
0200
0300
0100
0000
0000
0100
0800
0500
0100
0300
0000
0000
0d00
0200
0200
0000
0000
0200
0300
0600
0400
0300
0200
0000
0400
0e00
1000
0a00
0700
0800
0300
0000
1200
0400
0100
0000
0000
0100
0400
0200
0300
0100
0100
0000
0100
0200
0600
0500
0200
0300
0100
0000
1600
0400
0200
0100
0000
0000
0000
0500
0c00
0500
0300
0100
0000
0200
0400
0400
0400
0300
0100
0000
1100
0400
0200
0100
0300
0400
0600
0a00
0700
0b00
0a00
0100
0500
1000
1500
0a00
0700
0800
0400
0100
0e00
0200
0200
0200
0000
0200
0000
0200
0500
0400
0200
0000
0200
0400
0800
0600
0300
0300
0000
0000
0f00
0500
0300
0000
0100
0000
0100
0000
0400
0400
0200
0000
0100
0100
0500
0300
0200
0100
0200
0000
1200
0300
0100
0000
0000
0200
0200
0300
0300
0700
0500
0100
0500
0f00
1600
0a00
0900
0600
0800
0400
1200
0400
0200
0000
0000
0200
0100
0200
0200
0200
0200
0100
0100
0500
0800
0600
0500
0300
0300
0300
1200
0400
0100
0000
0000
0100
0200
0200
0100
0400
0300
0100
0100
0700
0a00
0500
0100
0200
0200
0400
0f00
0300
0200
0100
0100
0200
0300
0300
0200
0700
0900
0400
0300
1700
1800
0d00
0600
0700
0a00
0300
0b00
0400
0100
0100
0000
0100
0700
0500
0300
0800
0a00
0300
0100
0800
0900
0600
0400
0400
0400
0100
1100
0300
0300
0100
0100
0000
0800
0400
0700
0300
0200
0100
0000
0200
0400
0400
0600
0100
0100
0000
1300
0300
0200
0100
0000
0100
0500
0400
0300
0400
0400
0200
0500
0b00
0e00
0900
0700
0500
0300
0100
1200
0300
0100
0000
0000
0200
0200
0100
0100
0200
0000
0000
0200
0200
0600
0500
0200
0200
0000
0000
1100
0200
0300
0200
0100
0100
0100
0100
0300
0100
0100
0000
0000
0100
0900
0400
0200
0100
0000
0000
1100
0200
0100
0000
0000
0200
0300
0200
0200
0200
0100
0000
0300
0c00
1200
0600
0300
0400
0200
0000
0d00
0400
0200
0100
0100
0200
0300
0300
0300
0100
0000
0000
0000
0400
0900
0500
0200
0300
0000
0000
1900
0400
0100
0000
0100
0100
0100
0200
0400
0400
0100
0000
0000
0100
0600
0600
0100
0100
0000
0000
0e00
0300
0200
0200
0100
0100
0100
0600
0500
0300
0200
0100
0400
0a00
0b00
0500
0200
0300
0200
0100
0f00
0400
0100
0200
0100
0200
0200
0400
0400
0300
0100
0000
0100
0300
0400
0200
0000
0100
0000
0100
1000
0400
0200
0000
0100
0100
0000
0200
0100
0100
0000
0000
0000
0200
0a00
0900
0300
0900
0300
0000
