0a00
0400
0300
0000
0000
0000
0200
0500
0c00
0a00
0600
0400
0500
0600
0200
0100
0100
0300
1300
2500
1800
0200
0300
0400
0000
0200
0300
0600
0c00
0900
0800
0300
0200
0200
0100
0100
0100
0400
0b00
0c00
0b00
0400
0500
0200
0000
0100
0100
0500
1100
1700
0b00
0100
0100
0400
0500
0400
0200
0600
1a00
1500
1500
0300
0200
0300
0100
0200
0600
0300
2100
0d00
0b00
0200
0100
0700
0a00
0200
0200
0700
2600
3000
0700
0400
0200
0100
0100
0100
0200
0c00
3e00
2900
1b00
0900
0700
0d00
0500
0300
0100
0200
0b00
1400
1300
0400
0100
0100
0100
0100
0500
0900
2f00
2000
1800
0500
0100
0400
0300
0300
0000
0400
1000
0f00
0a00
0600
0400
0400
0200
0300
0800
0e00
2400
2800
1800
0300
0b00
0a00
0d00
0200
0100
0800
2600
1e00
1100
0400
0200
0100
0400
0600
0400
1300
2500
1500
1400
0200
0400
0a00
0500
0100
0100
0500
1400
2000
0d00
0100
0200
0300
0200
0700
0f00
0d00
0b00
0f00
1200
0100
0400
0d00
0600
0300
0100
0600
0d00
1100
0f00
0400
0200
0100
0400
0700
0b00
0700
2300
1800
0b00
0700
0800
0d00
0c00
0300
0100
0300
0f00
0a00
0b00
0200
0200
0100
0200
0300
0700
0800
2a00
2b00
1100
0600
0800
0800
1200
3700
1d00
0400
0800
0900
1200
0200
0000
0200
0200
0100
0800
0500
0d00
0f00
0a00
0500
0200
0500
0600
0a00
0500
0200
0500
0c00
0900
0400
0400
0200
0200
0300
0400
0800
1900
1700
0d00
0400
0500
0800
0900
0500
0500
0a00
1200
1900
1200
0400
0600
0300
0100
0200
0a00
0800
1d00
0d00
0b00
0100
0500
1000
1100
0b00
0300
0400
0300
0a00
0c00
0600
0400
0100
0100
0100
0700
0600
0e00
1700
0b00
0200
0300
0400
0c00
0e00
0400
0100
0300
0800
1100
0400
0400
0500
0300
0300
0200
0200
0800
0700
0700
0000
0200
0700
0e00
0600
0300
0300
0900
2900
0800
0400
0500
0200
0200
0200
0500
0600
1200
0d00
0700
0100
0400
0800
0300
0400
0200
0300
0600
1b00
1800
0300
0200
0100
0100
0200
0700
0900
1300
1400
0d00
0100
0400
0b00
1c00
3b00
0d00
0300
0400
0d00
0b00
0200
0100
0200
0100
0200
0700
0700
0c00
0900
0800
0400
0300
0700
0700
0b00
0400
0200
0300
0a00
0f00
0400
0400
0400
0100
0100
0000
0500
0d00
0700
0600
0200
0100
0300
0300
0300
0200
0400
1000
3000
1000
0500
0300
0000
0100
0100
0200
0400
0600
0c00
0300
0100
0800
0800
0100
0100
0000
0200
0300
1500
1300
0200
0300
0200
0000
0000
0400
0300
0700
0600
0600
0100
0500
0c00
1500
2c00
1600
0400
0400
0a00
0700
0300
0500
0400
0100
0300
0300
0200
0700
0600
0700
0200
0100
0500
0700
0c00
0300
0100
0300
0d00
1800
0300
0200
0200
0100
0200
0300
0500
0a00
0800
0800
0100
0200
0800
0300
0500
0100
0600
1200
2100
0b00
0500
0200
0100
0100
0200
0300
0600
0700
0400
0400
0100
0700
0d00
0a00
0600
0200
0200
0300
0f00
1300
0600
0100
0000
0200
0300
0200
0200
0600
0600
0400
0200
0600
0800
0800
0f00
0600
0300
0100
0600
0a00
0600
0400
0200
0400
0300
0400
0600
0300
1500
0b00
0100
0800
0400
0300
0500
0200
0100
0800
3300
1400
0400
0300
0200
0400
0500
0100
0400
0400
1100
1200
0300
0500
0700
0000
0100
0300
0e00
1500
1600
0600
0400
0200
0300
0400
0300
0200
0400
0700
1500
1100
0200
0500
0800
0200
0100
0400
1700
1200
0b00
1800
0700
0600
0500
0300
0200
0200
0300
0600
0f00
0c00
0200
0300
0400
0100
0200
0200
1700
2400
1f00
0900
0500
0300
0100
0300
0300
0100
0200
0700
0500
0700
0200
0200
0100
0100
0100
0200
1000
0f00
0e00
1100
0600
0500
0300
0100
0100
0100
0200
0a00
0500
0500
0100
0100
0100
0100
0200
0100
0600
0700
0700
0900
0400
0200
0100
0200
0100
0200
0300
0600
0700
0700
0200
0100
0200
0200
0000
0000
0400
0600
0a00
1700
0400
0300
0100
0100
0100
0300
0300
0700
0500
0600
0200
0100
0200
0100
0000
0100
0300
0900
1000
0700
0400
0400
0300
0000
0300
0200
0300
0900
0700
0600
0200
0100
0100
0000
0000
0100
0500
3e00
1300
1500
0700
0400
0200
0200
0200
0600
0400
2800
1100
0b00
0200
0000
0300
0200
0000
0500
0c00
0c00
0d00
0b00
0300
0300
0200
0200
0000
0200
0200
1900
1200
0900
0200
0100
0200
0100
0100
0200
1500
3900
0b00
1000
0500
0200
0100
0000
0000
0200
0300
1a00
1700
0d00
0200
0100
0200
0200
0000
0200
0a00
2700
0800
0c00
0400
0200
0100
0200
0100
0600
0500
2b00
2300
1f00
0100
0000
0200
0200
0200
0000
0400
0b00
0800
1400
0300
0300
0400
0100
0200
0200
0800
1f00
2200
1a00
0200
0100
0100
0300
0200
0100
0200
0600
0300
0900
0400
0100
0100
0000
0100
0400
0800
1100
0e00
0700
0000
0000
0100
0100
0100
0000
0100
0300
0700
1500
0300
0100
0100
0000
0300
0300
0900
0700
0b00
0500
0100
0200
0200
0100
0000
0000
0100
0300
0500
0900
0300
0300
0300
0300
0200
0200
0500
0600
0d00
0800
0100
0000
0300
0100
0000
0100
0200
0600
0700
0f00
0300
0200
0200
0100
0100
0500
0500
1800
2000
1100
0300
0100
0300
0000
0000
0100
0100
0e00
0d00
0a00
0300
0200
0300
0200
0100
0600
0700
1500
1300
1500
0200
0000
0200
0000
0100
0100
0200
1200
0800
1e00
0500
0200
0200
0200
0400
0400
0600
1300
0e00
0c00
0100
0100
0100
0100
0000
0100
0200
0800
0600
0900
0700
0300
0200
0300
0100
0400
0600
0b00
0a00
0500
0100
0100
0100
0100
0000
0000
0200
0800
0300
1300
0600
0400
0200
0200
0300
0400
0a00
1900
0f00
0900
0200
0100
0200
0200
0100
0100
0400
1000
0900
0e00
0500
0400
0100
0100
0100
0300
0900
1300
1300
0a00
0200
0100
0100
0100
0100
0400
0400
0600
0500
1400
0500
0200
0100
0000
0200
0200
0700
0600
0a00
0700
0300
0000
0200
0200
0200
0300
0200
0400
0400
0900
0300
0200
0100
0200
0300
0200
0b00
0d00
0a00
0400
0100
0100
0100
0100
0100
0500
0c00
1200
0d00
1800
0600
0600
0200
0300
0100
0300
0400
1100
1200
0900
0100
0100
0300
0300
0200
0b00
0b00
1c00
0c00
1000
0300
0300
0200
0100
0100
0500
0700
0e00
0a00
0700
0500
0200
0300
0200
0200
0500
0700
0900
0900
1100
0500
0300
0200
0000
0300
0500
0600
0700
1400
1d00
0600
0100
0200
0300
0200
0200
0900
0b00
0400
0a00
0500
0200
0100
0100
0000
0100
0300
0300
0300
1700
1600
0100
0100
0400
0500
0300
0800
0b00
0700
1200
0500
0200
0200
0300
0200
0300
0600
0a00
1100
3e00
1100
0200
0100
0200
0100
0700
0600
0600
0400
0800
0400
0300
0000
0000
0200
0400
0300
0300
0800
2000
3300
0100
0100
0100
0100
0200
0200
0400
0b00
1500
0400
0300
0300
0300
0200
0500
0300
0500
1000
0a00
3400
3600
0800
0300
0300
0100
0600
0700
0600
0800
0600
0200
0000
0000
0200
0400
0300
0300
0500
0700
0e00
0a00
0500
0600
0500
0c00
1200
0e00
1500
1000
0200
0200
0000
0100
0100
0500
0300
0500
0600
0500
0400
0300
0400
0b00
4000
2c00
3c00
2c00
0e00
0a00
0200
0100
0000
0300
0000
0100
0200
0500
0d00
0600
0200
0400
0200
0200
0b00
0600
3300
6800
0b00
1100
0800
0a00
0200
0200
0200
0300
0300
0500
0700
0500
0200
0500
0200
0200
0200
0d00
2000
3300
4a00
0e00
0a00
0500
0200
0000
0000
0300
0100
0500
0300
0000
0000
0100
0100
0100
0100
0400
0900
0900
0f00
1500
0500
0400
0000
0100
0200
0500
0300
0800
0500
0200
0000
0000
0600
0500
0600
0e00
1600
0500
0500
0b00
0b00
0600
0100
0100
0200
0300
0100
0400
0200
0200
0100
0000
0200
0300
0300
0400
2a00
5300
0300
1100
0a00
0600
0100
0200
0300
0400
0400
0800
0500
0400
0100
0000
0600
0400
0200
0200
1000
4800
1300
0f00
0b00
0700
0200
0100
0200
0700
0400
0500
0400
0400
0000
0200
0300
0000
0100
0200
0700
3200
2d00
1000
0700
0600
0200
0300
0100
0300
0500
0600
0400
0200
0100
0300
0300
0200
0100
0100
0200
0f00
0d00
0800
0400
0200
0000
0000
0000
0100
0200
0200
0300
0200
0000
0000
0200
0100
0100
0f00
4800
2600
0500
1600
0300
0300
0000
0200
0200
0100
0300
0900
0500
0600
0000
0000
0100
0100
0000
0400
5000
9c00
0400
0b00
0300
0200
0200
0200
0100
0100
0100
0400
0400
0200
0100
0000
0100
0100
0100
0100
1500
4300
1700
0c00
0400
0100
0100
0100
0100
0100
0400
0300
0600
0200
0100
0000
0c00
1800
0d00
0400
0b00
2500
0b00
0800
0500
0300
0100
0100
0100
0300
0100
0300
0400
0200
0000
0200
1400
1300
0200
0000
0b00
1a00
0600
1800
0700
0400
0000
0300
0000
0100
0400
0400
0200
0200
0100
0100
0400
0300
0100
0000
0800
2a00
3b00
0500
0600
0200
0000
0000
0000
0000
0100
0200
0100
0100
0000
0000
0100
0100
0500
3e00
7c00
2c00
2000
1400
0600
0400
0100
0000
0000
0200
0400
0600
0100
0100
0100
0100
0200
0200
0300
0b00
2000
1300
0a00
0a00
0500
0200
0100
0100
0100
0400
0200
0000
0300
0400
0000
0000
0100
0100
0100
0600
2000
4400
0e00
1000
0500
0500
0200
0100
0100
0100
0300
0200
0200
0200
0000
0100
0200
0100
0100
1900
6100
4200
1b00
0b00
0700
0500
0100
0100
0100
0100
0300
0300
0300
0100
0000
0100
0300
0100
0700
1a00
2200
1400
0d00
1700
0700
0b00
0300
0100
0100
0100
0200
0400
0200
0200
0200
0100
0200
0400
0e00
0e00
0d00
0900
0500
0800
0800
0a00
0300
0100
0100
0300
0300
0300
0200
0200
0100
0100
0100
0100
1300
5900
3400
0300
0200
1100
0600
0500
0100
0100
0100
0200
0300
0300
0200
0200
0000
0000
0000
0100
0600
1900
1800
1400
3800
0a00
0500
0400
0100
0100
0100
0100
0300
0300
0200
0400
0100
0100
0100
0200
0300
0a00
0b00
0700
1900
0f00
0700
0200
0100
0200
0000
0100
0300
0400
0300
0100
0000
0100
0300
1200
3f00
1400
0400
0200
0900
0800
0600
0400
0200
0100
0000
0200
0100
0100
0100
0100
0000
0000
0100
0700
2500
5600
1500
0000
0300
1300
0500
0300
0300
0300
0100
0200
0200
0400
0300
0100
0000
0200
0300
0300
0b00
1600
0500
0100
0300
0700
0700
0500
0200
0200
0200
0200
0100
0200
0300
0300
0000
0000
0400
3800
2b00
0c00
0100
0100
0300
0f00
0500
0700
0100
0000
0000
0100
0000
0100
0300
0100
0000
0000
0200
2700
2500
0400
0000
0000
0000
0a00
0700
0500
0200
0300
0100
0500
0100
0300
0300
0100
0000
0000
0200
2900
2d00
0100
0100
0300
0400
1000
0300
0200
0200
0100
0000
0100
0100
0100
0300
0200
0100
0000
0200
1200
1100
0100
0100
0200
0200
0d00
0500
0500
0200
0100
0100
0100
0200
0200
0400
0300
0000
0100
0200
0b00
0900
0100
0000
0000
0000
1200
0800
0300
0100
0100
0100
0300
0200
0300
0400
0200
0000
0100
0200
0400
3500
3f00
2500
0c00
0100
0700
0500
0600
0100
0000
0000
0200
0100
0100
0300
0200
0000
0000
0000
0000
0e00
5d00
5500
0400
0100
0b00
0300
0200
0300
0200
0100
0200
0200
0200
0200
0200
0200
0100
0300
0400
2200
3c00
1300
0000
0100
0d00
0600
0300
0200
0100
0200
0300
0100
0100
0200
0200
0100
0000
0000
0200
0a00
1400
0600
0000
0000
1100
0500
0200
0200
0100
0200
0200
0300
0400
0400
0300
0100
0100
0c00
1500
0400
0b00
0e00
0d00
1600
0700
0700
0600
0200
0000
0000
0000
0200
0200
0100
0100
0000
0000
0300
2900
1a00
0500
0200
0500
0a00
1900
0a00
0800
0400
0200
0000
0000
0000
0400
0400
0300
0100
0200
0700
1200
1200
0d00
1300
1a00
0c00
0a00
0c00
0700
0200
0100
0000
0300
0100
0000
0100
0100
0000
0000
0500
0b00
0500
0300
0400
0500
0400
1000
0800
0800
0200
0200
0100
0300
0200
0300
0500
0100
0000
0000
0300
1f00
0b00
0000
0100
0200
0200
0c00
0500
0400
0200
0100
0200
0300
0300
0300
0400
0300
0000
0100
0500
1100
1100
0f00
1600
1500
0c00
1700
0700
0500
0300
0100
0300
0500
0200
0200
0300
0300
0100
0000
0100
0800
0500
0300
0600
0600
0200
