0d00
0500
0200
0100
0100
0000
0000
0000
0000
0000
0000
0000
0000
0000
0000
0000
0000
0000
0000
0000
1600
0300
0200
0000
0000
0000
0000
0000
0000
0000
0000
0000
0000
0000
0000
0000
0000
0000
0000
0000
0e00
0300
0200
0000
0000
0000
0000
0000
0000
0000
0000
0000
0000
0000
0000
0000
0000
0000
0000
0000
0f00
0500
0200
0100
0000
0000
0000
0000
0000
0000
0000
0000
0000
0000
0000
0000
0000
0000
0000
0000
0c00
0300
0100
0000
0000
0100
0100
0000
0000
0000
0000
0000
0000
0000
0000
0000
0000
0000
0000
0000
1a00
0400
0200
0100
0000
0000
0000
0000
0000
0000
0000
0000
0200
0700
0000
0000
0000
0000
0300
0500
0900
0100
0100
0000
0100
0000
0000
0000
0000
0000
0000
0000
0700
0900
0200
0400
0600
1100
2500
1c00
1800
0300
0200
0000
0000
0100
0000
0000
0000
0000
0000
0000
0100
0200
0100
0000
0000
0600
1300
0900
0d00
0300
0300
0000
0000
0000
0000
0000
0000
0000
0000
0000
0000
0200
0100
0000
0000
0000
0400
0100
1100
0400
0100
0200
0000
0000
0000
0000
0000
0000
0000
0100
0d00
2600
0d00
0700
0c00
0e00
1700
2600
0c00
0300
0100
0100
0000
0000
0000
0000
0000
0000
0000
0000
0800
0e00
0400
0300
0200
0d00
2f00
1400
1000
0400
0100
0000
0000
0000
0000
0100
0000
0000
0000
0000
0100
0300
0100
0000
0000
0200
0b00
0400
0700
0200
0000
0000
0000
0000
0000
0000
0000
0000
0000
0000
0000
0100
0000
0000
0000
0000
0400
0100
1400
0500
0200
0000
0100
0000
0000
0000
0000
0000
0000
0000
0000
0200
0000
0000
0000
0000
0000
0000
0c00
0300
0100
0000
0000
0100
0100
0000
0000
0000
0000
0100
0a00
1a00
0800
0900
0b00
0b00
1e00
2500
0c00
0300
0200
0000
0000
0000
0000
0000
0000
0000
0000
0000
0500
0800
0400
0300
0300
0d00
1f00
0d00
1000
0400
0100
0000
0000
0000
0000
0000
0000
0000
0000
0000
0000
0100
0100
0100
0000
0200
0700
0400
1300
0500
0400
0200
0000
0000
0000
0000
0000
0000
0000
0000
0000
0000
0000
0000
0000
0000
0100
0000
0c00
0700
0400
0100
0100
0000
0000
0000
0000
0000
0000
0000
0000
0000
0000
0000
0000
0000
0000
0000
1600
0500
0400
0000
0000
0000
0000
0000
0000
0000
0000
0000
0000
0000
0000
0000
0000
0000
0000
0000
1000
0400
0200
0100
0100
0000
0000
0000
0000
0000
0000
0000
0000
0000
0000
0000
0000
0000
0000
0000
1000
0300
0300
0100
0000
0000
0000
0000
0000
0000
0000
0000
0000
0000
0000
0000
0000
0000
0000
0000
0900
0300
0100
0000
0000
0000
0000
0000
0000
0000
0000
0000
0000
0000
0000
0000
0000
0000
0000
0000
1a00
0300
0100
0000
0000
0000
0000
0000
0000
0000
0000
0000
0000
0000
0000
0000
0000
0000
0000
0000
0700
0200
0100
0000
0000
0000
0000
0000
0000
0000
0000
0000
0000
0000
0000
0000
0000
0000
0000
0000
1200
0300
0100
0000
0000
0000
0000
0000
0000
0000
0000
0000
0000
0000
0000
0000
0000
0000
0000
0000
1300
0400
0100
0200
0000
0000
0000
0000
0000
0000
0000
0000
0000
0000
0000
0000
0000
0000
0000
0000
0f00
0200
0200
0000
0000
0000
0000
0000
0000
0000
0000
0000
0000
0000
0000
0000
0000
0000
0000
0000
0d00
0200
0300
0100
0000
0000
0000
0000
0000
0000
0000
0000
0000
0000
0000
0000
0000
0000
0000
0000
1800
0300
0200
0000
0000
0000
0000
0000
0000
0000
0000
0000
0000
0000
0000
0000
0000
0000
0000
0000
0b00
0300
0200
0000
0000
0000
0000
0000
0000
0000
0000
0000
0000
0000
0000
0000
0000
0000
0000
0000
1600
0400
0100
0100
0000
0000
0000
0000
0000
0000
0000
0000
0000
0000
0000
0000
0000
0000
0000
0000
0f00
0200
0200
0100
0000
0000
0000
0000
0000
0000
0000
0000
0000
0000
0000
0000
0000
0000
0000
0000
1800
0400
0200
0000
0000
0000
0000
0000
0000
0000
0000
0000
0000
0000
0000
0000
0000
0000
0000
0000
0b00
0100
0100
0100
0100
0000
0000
0000
0000
0000
0000
0000
0000
0000
0000
0000
0000
0000
0000
0000
1600
0200
0100
0000
0100
0000
0000
0000
0000
0000
0000
0000
0000
0000
0000
0000
0000
0000
0000
0000
0e00
0300
0100
0000
0000
0100
0000
0000
0000
0000
0000
0000
0c00
0600
0400
0c00
0c00
0b00
1600
1800
0f00
0300
0100
0000
0000
0000
0000
0000
0000
0000
0000
0000
0400
0400
0200
0200
0300
0600
1600
0b00
0c00
0300
0200
0000
0000
0000
0000
0000
0000
0000
0000
0000
0000
0100
0000
0000
0000
0100
0700
0200
1600
0300
0100
0000
0000
0000
0000
0000
0000
0000
0000
0000
0200
0900
0300
0000
0000
0000
0200
0100
0a00
0400
0100
0000
0000
0000
0000
0000
0000
0000
0000
0000
0500
1600
1000
0d00
0a00
1000
3000
1500
1300
0200
0100
0000
0000
0000
0000
0100
0000
0000
0000
0000
0200
0400
0100
0100
0100
0500
1300
0900
0c00
0400
0100
0000
0000
0100
0000
0000
0000
0000
0000
0000
0000
0100
0000
0000
0000
0100
0600
0200
0f00
0400
0200
0000
0000
0100
0000
0100
0000
0000
0100
0200
1100
3800
0700
0b00
0700
0700
1200
2200
1100
0400
0200
0200
0200
0100
0000
0000
0000
0000
0000
0200
1300
2200
0800
0d00
0b00
0f00
4a00
2800
1100
0200
0100
0000
0000
0000
0000
0000
0000
0000
0000
0000
0500
0900
0100
0100
0100
0400
1400
0800
0b00
0300
0100
0100
0100
0100
0000
0000
0000
0000
0000
0000
0000
0100
0000
0000
0000
0000
0700
0400
1600
0400
0200
0200
0000
0100
0100
0000
0200
0000
0100
0200
0e00
2a00
0400
0700
0500
0400
0e00
1b00
0d00
0300
0100
0000
0100
0000
0000
0000
0000
0000
0000
0100
1300
2100
0800
1000
0f00
1400
4000
2d00
1200
0200
0200
0200
0100
0000
0100
0000
0000
0000
0000
0000
0800
0900
0200
0100
0200
0500
1500
0800
0f00
0300
0200
0100
0000
0000
0000
0000
0000
0000
0000
0000
0000
0100
0000
0000
0000
0000
0800
0400
1d00
0500
0100
0000
0000
0000
0000
0000
0000
0000
0000
0000
0300
0400
0000
0000
0000
0000
0300
0300
0b00
0300
0200
0100
0100
0100
0100
0100
0000
0000
0000
0100
1f00
2e00
0c00
1e00
1c00
2400
3c00
3d00
1000
0200
0000
0000
0100
0100
0100
0000
0000
0000
0000
0000
0a00
0a00
0200
0400
0400
0800
1a00
0b00
0e00
0200
0100
0000
0100
0100
0000
0000
0000
0000
0000
0000
0300
0300
0000
0000
0100
0200
0b00
0200
1400
0300
0100
0000
0100
0000
0000
0000
0000
0000
0000
0000
0000
0000
0000
0000
0000
0000
0200
0000
0800
0300
0200
0100
0200
0100
0000
0000
0100
0000
0000
0100
1000
1b00
0200
0600
0600
0500
0f00
1200
1600
0400
0100
0000
0000
0100
0000
0000
0000
0000
0000
0000
0a00
1500
0400
0b00
0800
0d00
3500
1900
0c00
0300
0100
0000
0100
0100
0000
0000
0000
0000
0000
0000
0500
0800
0000
0200
0100
0400
0d00
0400
1000
0200
0100
0000
0000
0100
0000
0000
0000
0000
0000
0000
0000
0000
0000
0000
0000
0000
0400
0100
0e00
0400
0100
0100
0000
0000
0000
0000
0000
0000
0000
0000
0000
0000
0000
0000
0000
0000
0100
0000
1100
0200
0100
0000
0100
0100
0000
0000
0200
0000
0000
0300
0b00
0400
0100
0300
0500
0700
0600
0b00
0800
0300
0200
0200
0300
0000
0000
0000
0000
0000
0100
0300
1500
0c00
0800
1400
1900
1e00
2a00
1f00
1100
0400
0100
0000
0000
0200
0000
0000
0000
0000
0000
0100
0700
0400
0200
0500
0600
0a00
1300
0600
0b00
0300
0100
0100
0100
0200
0000
0000
0000
0000
0000
0200
0700
0500
0300
0400
0300
0a00
0d00
0300
0f00
0300
0000
0100
0000
0000
0000
0000
0000
0000
0000
0200
1900
1300
0900
0900
0900
1900
3400
1a00
0c00
0300
0100
0000
0200
0100
0100
0000
0000
0000
0000
0000
0700
0500
0200
0100
0100
0900
1600
0800
1200
0200
0000
0000
0000
0000
0000
0000
0000
0000
0000
0000
0200
0100
0000
0000
0000
0100
0800
0100
0800
0100
0000
0000
0000
0100
0000
0000
0000
0000
0000
0000
0000
0000
0000
0000
0000
0000
0100
0000
1100
0400
0200
0000
0000
0100
0000
0000
0000
0000
0000
0100
0c00
5e00
1400
0300
0400
0500
0b00
0e00
0c00
0300
0100
0100
0200
0000
0000
0000
0000
0000
0000
0300
0d00
2700
0f00
0c00
0800
2300
6100
2300
0c00
0200
0200
0000
0100
0100
0000
0000
0000
0000
0000
0000
0400
0e00
0200
0100
0100
0700
1100
0700
1100
0400
0300
0200
0100
0100
0000
0000
0000
0000
0000
0000
0000
0500
0000
0000
0000
0200
0600
0100
1200
0300
0100
0000
0000
0100
0000
0000
0000
0000
0000
0000
0000
0100
0000
0000
0000
0000
0000
0000
0800
0300
0100
0100
0000
0100
0000
0000
0000
0000
0000
0000
0000
0000
0000
0000
0000
0000
0000
0000
1400
0500
0100
0000
0000
0000
0000
0000
0000
0000
0000
0000
0000
0000
0000
0000
0000
0000
0000
0000
0e00
0400
0200
0000
0000
0100
0000
0000
0000
0000
0000
0000
0000
0000
0000
0000
0000
0000
0000
0000
1200
0400
0100
0100
0200
0000
0000
0000
0000
0000
0000
0000
0000
0000
0000
0000
0000
0000
0000
0000
0900
0400
0300
0200
0100
0000
0000
0000
0000
0000
0000
0000
0000
0000
0000
0000
0000
0000
0000
0000
1400
0300
0200
0100
0000
0000
0000
0000
0000
0000
0000
0000
0000
0000
0000
0000
0000
0000
0000
0000
0700
0100
0000
0000
0000
0000
0000
0000
0000
0000
0000
0000
0000
0000
0000
0000
0000
0000
0000
0000
0e00
0400
0000
0000
0000
0000
0000
0000
0000
0000
0000
0000
0000
0000
0000
0000
0000
0000
0000
0000
1000
0400
0200
0100
0000
0000
0000
0000
0000
0000
0000
0000
0000
0000
0000
0000
0000
0000
0000
0000
0c00
0400
0200
0100
0000
0000
0000
0000
0000
0000
0000
0000
0000
0000
0000
0000
0000
0000
0000
0000
0800
0400
0200
0000
0000
0000
0000
0000
0000
0000
0000
0000
0000
0000
0000
0000
0000
0000
0000
0000
1500
0300
0300
0000
0000
0000
0000
0000
0000
0000
0000
0000
0000
0000
0000
0000
0000
0000
0000
0000
0700
0200
0200
0000
0000
0000
0000
0000
0000
0000
0000
0000
0000
0000
0000
0000
0000
0000
0000
0000
1000
0300
0200
0100
0100
0000
0000
0000
0000
0000
0000
0000
0000
0000
0000
0000
0000
0000
0000
0000
0d00
0200
0100
0100
0100
0000
0000
0000
0000
0000
0000
0000
0000
0000
0000
0000
0000
0000
0000
0000
1100
0400
0100
0100
0000
0000
0000
0000
0000
0000
0000
0000
0000
0000
0000
0000
0000
0000
0000
0000
0700
0200
0200
0100
0100
0000
0000
0000
0000
0000
0000
0000
0000
0000
0000
0000
0000
0000
0000
0000
1000
0300
0100
0000
0000
0000
0000
0000
0000
0000
0000
0000
0000
0000
0000
0000
0000
0000
0000
0000
0a00
0300
0100
0100
0000
0000
0000
0000
0000
0000
0000
0000
0000
0000
0000
0000
0000
0000
0000
0000
1200
0300
0300
0100
0100
0100
0000
0000
0000
0000
0000
0000
0000
0300
0000
0000
0000
0000
0000
0000
0b00
0300
0300
0000
0000
0000
0000
0000
0000
0000
0000
0000
0000
0a00
0500
0000
0000
0000
0000
0000
0f00
0500
0200
0000
0000
0100
0000
0000
0000
0000
0000
0000
0200
0800
0300
0000
0000
0000
0000
0000
0d00
0200
0000
0000
0000
0100
0000
0000
0000
0000
0000
0000
0100
0200
0000
0000
0000
0000
0000
0000
1000
0300
0100
0200
0100
0000
0000
0000
0000
0000
0000
0000
0000
0700
0000
0000
0000
0000
0000
0000
0a00
0200
0200
0000
0000
0000
0000
0000
0000
0000
0000
0000
0700
0500
0000
0000
0000
0000
0000
0000
1500
0300
0000
0000
0200
0100
0000
0000
0000
0000
0000
0000
0200
0100
0000
0000
0000
0000
0000
0000
1000
0600
0200
0100
0200
0000
0000
0000
0000
0000
0000
0000
0100
0000
0000
0000
0000
0000
0000
0000
0e00
0300
0200
0000
0000
0000
0000
0000
0000
0000
0000
0000
0000
0000
0000
0000
0000
0000
0000
0000
