0a00
0b00
0700
0200
0000
0100
0200
0000
0000
0000
0000
0000
0000
0000
0000
0000
0000
0000
0000
0000
1c00
1e00
0f00
0200
0200
0100
0100
0000
0000
0100
0000
0000
0000
0000
0000
0000
0000
0000
0000
0000
0b00
1200
0900
0100
0100
0000
0000
0000
0000
0000
0000
0000
0000
0000
0000
0000
0000
0000
0000
0000
0b00
0e00
0c00
0300
0100
0100
0100
0100
0000
0000
0000
0000
0000
0000
0000
0000
0000
0000
0000
0000
1000
2b00
1000
0500
0200
0000
0300
0100
0100
0000
0000
0000
0000
0000
0000
0000
0000
0000
0000
0000
0e00
0d00
0800
0300
0200
0100
0000
0000
0100
0000
0000
0000
0000
0000
0000
0000
0000
0000
0000
0000
0700
1700
0800
0300
0100
0100
0200
0100
0100
0000
0000
0000
0000
0000
0000
0000
0000
0000
0000
0000
1200
1e00
0800
0400
0200
0000
0100
0100
0000
0000
0000
0000
0000
0000
0000
0000
0000
0000
0000
0000
0c00
1100
0700
0400
0100
0000
0200
0000
0000
0000
0000
0000
0000
0000
0000
0000
0000
0000
0000
0000
0e00
2900
0a00
0500
0400
0200
0200
0000
0000
0000
0000
0000
0000
0000
0000
0000
0000
0000
0000
0000
0900
0e00
0900
0200
0100
0100
0000
0000
0100
0000
0000
0000
0000
0000
0000
0000
0000
0000
0000
0000
0f00
1400
0700
0300
0000
0000
0100
0000
0000
0000
0000
0000
0000
0000
0000
0000
0000
0000
0000
0000
1200
2400
0a00
0200
0200
0100
0100
0100
0000
0000
0000
0000
0000
0000
0000
0000
0000
0000
0000
0000
0b00
0f00
0700
0100
0000
0000
0100
0000
0000
0000
0000
0000
0000
0000
0000
0000
0000
0000
0000
0000
0d00
1900
0e00
0000
0100
0100
0000
0000
0000
0000
0000
0000
0000
0000
0000
0000
0000
0000
0000
0000
1100
1900
1400
0300
0000
0100
0200
0100
0000
0000
0000
0000
0000
0000
0000
0000
0000
0000
0000
0000
0a00
1100
0b00
0300
0100
0100
0100
0000
0100
0000
0000
0000
0000
0000
0000
0000
0000
0000
0000
0000
1400
2100
1000
0300
0200
0100
0100
0000
0000
0100
0000
0000
0000
0000
0000
0000
0000
0000
0000
0000
0900
0f00
0700
0200
0300
0100
0100
0000
0100
0000
0000
0000
0000
0000
0000
0000
0000
0000
0000
0000
0a00
1700
0d00
0200
0000
0000
0200
0000
0000
0000
0000
0000
0000
0000
0000
0000
0000
0000
0000
0000
