0a00
0f00
1400
0500
0400
0300
0300
0200
0300
0200
0100
0000
0000
0000
0000
0000
0000
0000
0000
0000
0900
1500
0f00
0500
0500
0200
0200
0300
0400
0300
0100
0000
0000
0000
0000
0000
0000
0000
0000
0000
0a00
0e00
1100
0800
0300
0200
0700
0400
0400
0500
0200
0100
0000
0000
0000
0000
0000
0000
0000
0000
0c00
0c00
1000
0500
0300
0400
0300
0500
0400
0200
0100
0000
0100
0000
0000
0000
0000
0000
0000
0000
0d00
1800
1a00
1200
0300
0100
0500
0500
0900
0400
0100
0000
0000
0000
0000
0000
0000
0000
0000
0000
0d00
1600
1700
0b00
0500
0400
0200
0400
0300
0200
0100
0000
0000
0000
0000
0000
0000
0000
0000
0000
0c00
0c00
1800
0e00
0300
0200
0100
0600
0600
0400
0100
0100
0100
0000
0000
0000
0000
0000
0000
0000
0d00
1300
1700
0a00
0500
0300
0500
0400
0200
0300
0300
0100
0100
0000
0000
0000
0000
0000
0000
0000
0b00
0d00
1100
0d00
0600
0400
0300
0400
0300
0200
0100
0000
0000
0000
0000
0000
0000
0000
0000
0000
1900
1100
1b00
0d00
0a00
0600
0500
0100
0200
0700
0100
0100
0000
0000
0000
0000
0000
0000
0000
0000
0f00
0d00
1300
0900
0500
0300
0200
0300
0200
0500
0200
0100
0100
0100
0000
0000
0000
0000
0000
0000
0900
0b00
1f00
0f00
0500
0300
0800
0300
0300
0300
0300
0000
0000
0000
0000
0000
0000
0000
0000
0000
0e00
1100
1f00
0d00
0500
0300
0400
0100
0200
0500
0200
0000
0000
0000
0000
0000
0000
0000
0000
0000
0f00
1000
1800
1000
0700
0400
0700
0200
0500
0300
0000
0000
0000
0100
0000
0000
0000
0000
0000
0000
0c00
0f00
1400
0900
0900
0700
0800
0500
0700
0c00
0400
0100
0000
0000
0000
0000
0000
0000
0000
0000
0800
1300
1800
0a00
0500
0300
0700
0700
0500
0200
0200
0000
0000
0000
0000
0000
0000
0000
0000
0000
0f00
1500
1d00
0c00
0400
0500
0700
0200
0400
0200
0200
0000
0000
0000
0000
0000
0000
0000
0000
0000
0a00
1900
1600
0c00
0400
0400
0500
0700
0700
0300
0200
0000
0000
0000
0000
0000
0000
0000
0000
0000
1400
1300
1a00
1000
0700
0300
0500
0500
0400
0200
0100
0000
0000
0100
0000
0000
0000
0000
0000
0000
0b00
1200
1d00
0b00
0200
0100
0300
0800
0800
0900
0300
0100
0000
0100
0000
0000
0000
0000
0000
0000
