0b00
2c00
1a00
1300
2000
2800
1900
1100
3100
2400
1e00
0e00
0d00
1300
0a00
0800
0200
0100
0100
0200
0e00
2100
1600
1100
2000
2100
2300
2300
1f00
1100
1100
0b00
0c00
1400
0d00
0600
0300
0200
0000
0200
0f00
2000
1e00
1e00
1800
1c00
2900
1a00
1c00
1300
1200
0b00
0b00
1500
0f00
0b00
0300
0400
0000
0100
0b00
1d00
2300
1500
1f00
2700
2500
3700
3a00
2900
2300
1500
1400
2800
1800
0c00
0500
0600
0100
0200
1000
2000
2000
0c00
0900
1100
1a00
1900
1700
1c00
1e00
0f00
0900
0d00
0a00
0500
0200
0000
0000
0000
0d00
2200
2400
0c00
0800
0b00
0b00
0e00
1000
1a00
1700
0d00
0400
0600
0400
0400
0200
0100
0000
0000
0f00
2000
1a00
0f00
0600
0600
0a00
1000
1800
2300
1600
0a00
0400
0700
0600
0400
0200
0100
0000
0100
0d00
3100
1a00
0800
0900
0800
0e00
0e00
2100
1c00
1900
0c00
0500
0700
0700
0500
0100
0000
0000
0000
1100
2700
1200
0b00
0700
0700
1300
1400
1700
0d00
0d00
0b00
0200
0500
0500
0400
0100
0100
0000
0000
0d00
2700
1b00
0a00
0700
0700
1500
1b00
3000
1a00
1300
0b00
0500
0600
0500
0300
0100
0000
0000
0100
1100
2500
1400
0800
0300
0600
0e00
1800
1d00
1a00
1100
0b00
0400
0300
0100
0200
0000
0100
0000
0000
0c00
2200
1e00
0800
0400
0600
0d00
0f00
1300
0a00
1100
0b00
0200
0400
0500
0300
0100
0100
0000
0100
1000
1f00
1e00
0900
0700
0500
0b00
1200
1f00
2200
1200
0700
0400
0700
0400
0300
0100
0000
0000
0100
1100
2300
1500
0b00
0c00
0500
1200
1600
1900
2000
1000
0d00
0400
0500
0500
0300
0000
0000
0000
0100
0e00
2300
1f00
0900
0a00
0800
0f00
1300
1900
1b00
1100
0800
0200
0300
0400
0400
0200
0100
0000
0100
0d00
2900
1700
0c00
0400
0a00
1e00
1c00
1400
1a00
1300
0f00
0500
0800
0700
0500
0200
0100
0000
0100
0f00
2300
1500
0800
0a00
0b00
1700
2700
1e00
1b00
1200
0e00
0500
0800
0800
0400
0200
0100
0000
0100
1000
1600
1600
0600
0700
0a00
2300
1500
1b00
1800
1100
0b00
0700
0900
0900
0600
0100
0100
0000
0100
1100
3500
1b00
0b00
0500
0900
0e00
1100
1f00
2000
1200
0700
0400
0600
0500
0400
0100
0000
0000
0000
1300
1b00
1800
0b00
0900
0800
2b00
1b00
3800
2600
1100
0900
0600
0700
0800
0700
0000
0100
0000
0000
