0900
1000
1900
1600
0c00
1300
2500
2500
1800
0900
0e00
0a00
0b00
0700
0100
0000
0000
0000
0000
0000
0900
1200
1200
0900
0d00
0d00
1300
2700
2500
1300
1200
0900
0700
0500
0100
0000
0000
0000
0000
0000
0d00
1100
1000
1600
1200
0c00
1300
1a00
1f00
1200
0f00
0900
0600
0500
0200
0100
0000
0100
0000
0000
0a00
1e00
1100
0e00
0a00
0900
0f00
1100
1000
1800
1500
0b00
0400
0600
0100
0100
0000
0000
0000
0000
0800
1300
0b00
0c00
0300
0700
1100
1300
1300
1300
1400
0800
0500
0500
0100
0000
0000
0000
0000
0000
0d00
1600
0800
0800
0600
0800
1300
1900
0b00
1600
1400
0900
0500
0300
0000
0000
0000
0000
0000
0000
0a00
1200
0700
0900
0900
0900
0a00
1100
1600
1300
0e00
0500
0400
0200
0100
0000
0000
0000
0000
0000
0a00
1100
0d00
0e00
0900
0700
0900
0a00
0800
1100
0c00
0500
0200
0200
0000
0000
0000
0000
0000
0000
0800
1300
0700
0b00
0e00
0a00
0e00
0900
0c00
0a00
0600
0400
0400
0300
0000
0000
0000
0000
0000
0000
1200
1500
0a00
0700
0300
0700
1100
0900
0a00
0600
0700
0300
0100
0100
0000
0000
0000
0000
0000
0000
0c00
1400
0500
0900
0400
0500
0800
0d00
0900
0b00
0700
0300
0200
0100
0000
0000
0000
0000
0000
0000
0f00
1400
0800
0b00
0400
0700
1000
0f00
0d00
0b00
0600
0200
0300
0400
0000
0000
0000
0000
0000
0000
0800
1000
0600
0800
0700
0a00
0f00
0e00
1100
0400
0400
0200
0300
0100
0000
0000
0000
0000
0000
0000
0700
0a00
0200
0700
0600
0600
0a00
0d00
0e00
0900
0500
0300
0500
0200
0000
0000
0000
0000
0000
0000
0500
0900
0600
0e00
0600
0800
1000
0c00
1000
0800
0a00
0400
0200
0000
0000
0000
0000
0000
0000
0000
0900
0700
0500
0800
0500
0900
0c00
1300
1400
0800
0500
0200
0300
0200
0000
0000
0000
0000
0000
0000
0600
0a00
0700
0600
0500
0700
1200
0f00
0a00
0d00
0500
0100
0100
0100
0000
0000
0000
0000
0000
0000
0d00
0a00
0400
0200
0300
0700
1100
0b00
0a00
0800
0200
0200
0300
0100
0000
0000
0000
0000
0000
0000
0800
0800
0400
0500
0900
0900
0800
0700
0700
0400
0400
0200
0200
0100
0000
0000
0000
0000
0000
0000
0e00
0b00
0800
0500
0700
0300
0800
0c00
0900
0300
0200
0200
0000
0100
0000
0000
0000
0000
0000
0000
