0d00
2700
1b00
1300
0f00
0d00
1600
1600
2000
2600
2000
1300
1100
0f00
0800
0300
0100
0200
0100
0100
0f00
3700
2500
1100
1e00
1100
1900
2200
2f00
3a00
2c00
1200
1000
1200
0a00
0400
0100
0200
0200
0100
0b00
2c00
2700
1000
1000
0a00
2100
1e00
1c00
2600
2000
0f00
0b00
1100
0b00
0400
0100
0100
0100
0000
0900
1f00
2d00
1b00
1300
0b00
1500
1600
1a00
1e00
1400
1000
0d00
0f00
0900
0400
0100
0200
0100
0100
0b00
2200
3100
1600
1300
0a00
1c00
1e00
2100
2000
1c00
1000
0e00
0e00
0800
0400
0100
0200
0000
0000
0d00
1b00
1600
1400
1000
1000
1200
1600
2400
2b00
1b00
0e00
0d00
0c00
0600
0500
0200
0200
0200
0100
0b00
2900
2200
1000
1200
1200
3700
2d00
2700
2100
1e00
0c00
0d00
0f00
0700
0400
0200
0300
0100
0100
1100
2400
1800
1000
1200
1200
1500
2c00
3000
1d00
2200
0e00
0a00
0d00
0800
0400
0200
0200
0100
0100
0900
2a00
1e00
1600
1500
1000
1c00
2600
2900
2800
2500
0c00
0b00
0900
0700
0500
0100
0100
0100
0100
0a00
3300
2400
1100
1000
0a00
1b00
1b00
1c00
2b00
1d00
0d00
0b00
0900
0500
0300
0100
0100
0000
0100
0600
2000
1800
0b00
0c00
1100
1e00
2e00
2f00
3200
2900
1600
0a00
0a00
0700
0300
0100
0100
0100
0100
0a00
2600
1b00
0f00
1300
1a00
2000
2100
1700
1900
2500
1900
1700
0d00
0600
0500
0100
0100
0100
0100
0600
1f00
2e00
1100
0b00
1800
1d00
2700
1d00
1b00
1f00
1700
1400
0a00
0500
0400
0100
0200
0100
0000
0f00
2100
2700
0a00
0d00
1100
1e00
1e00
2d00
2300
2c00
1600
0d00
0c00
0700
0400
0100
0300
0100
0000
1000
1300
1c00
0b00
0f00
1100
2200
1e00
3300
2200
2d00
1200
0900
0b00
0800
0200
0100
0100
0100
0000
0c00
3000
2100
0d00
1000
1500
2a00
2000
2a00
3500
2100
1200
0e00
0c00
0800
0300
0100
0200
0100
0000
0b00
1c00
1d00
0b00
1400
0e00
1a00
1d00
3a00
3c00
2500
1400
0900
0700
0300
0300
0200
0200
0100
0100
0f00
2100
2f00
1200
0c00
0d00
1800
2600
3700
2600
2500
0d00
0c00
0d00
0500
0500
0200
0200
0100
0000
0800
3100
3200
1100
1100
0b00
0f00
1800
2200
2f00
2500
1300
0a00
0900
0600
0400
0200
0200
0100
0000
1400
2000
1a00
0800
0900
1400
1c00
1300
2400
2900
2600
0e00
0b00
0800
0500
0300
0000
0100
0100
0000
