1d00
1f00
1c00
0500
0600
0b00
0900
1900
1100
0d00
0900
0400
0300
0400
0200
0000
0000
0000
0000
0000
1700
2500
2100
0800
0700
0800
0700
1300
0b00
0f00
0c00
0300
0100
0300
0200
0100
0000
0000
0000
0000
1a00
1f00
2200
0800
0500
0500
0a00
1400
0800
0d00
0600
0100
0100
0100
0100
0000
0000
0000
0000
0000
2300
1e00
1e00
0700
0700
0600
0800
0600
0600
0800
0800
0100
0100
0100
0000
0000
0000
0000
0000
0000
1f00
1600
1c00
0800
0500
0900
0900
1100
0900
0d00
0800
0200
0200
0000
0000
0000
0000
0000
0000
0000
1000
2800
1f00
0a00
0700
0500
0a00
0e00
1200
0900
0900
0200
0100
0200
0100
0100
0000
0000
0000
0000
0f00
1e00
1600
0600
0600
0400
0700
0900
0b00
0c00
0b00
0200
0100
0100
0100
0000
0000
0200
0000
0000
0b00
1e00
1600
0500
0300
0500
0700
0900
0b00
0b00
0700
0300
0100
0300
0200
0000
0000
0000
0000
0000
0c00
2700
2800
0500
0600
0800
0900
0d00
1100
1600
0a00
0200
0100
0300
0300
0000
0000
0000
0000
0000
1500
2a00
1c00
0700
0b00
0800
0900
0e00
0f00
0c00
0900
0100
0200
0300
0200
0100
0100
0500
0000
0000
1500
2300
1500
0600
0700
0400
0500
1500
0f00
0800
0800
0300
0200
0300
0200
0100
0000
0100
0000
0000
2000
1c00
2000
0800
0b00
0600
0900
0e00
0900
0e00
0800
0300
0200
0300
0300
0200
0100
0200
0000
0000
1400
2c00
2500
0800
0900
0400
0500
0900
0b00
0e00
0500
0300
0300
0300
0100
0100
0100
0200
0000
0000
0e00
2600
1c00
0500
0900
0700
0500
0b00
0800
1200
0b00
0300
0200
0200
0100
0000
0000
0200
0000
0000
0b00
1e00
1f00
0700
0700
0400
0b00
0f00
0800
0a00
0500
0200
0300
0500
0200
0000
0000
0000
0000
0000
0900
2200
2100
0800
0500
0700
1400
1100
0500
0e00
0600
0200
0200
0300
0100
0000
0000
0000
0000
0000
0a00
2300
2000
0b00
0900
0600
0e00
0e00
0a00
0f00
0400
0300
0100
0100
0000
0000
0000
0000
0000
0000
2600
2000
1e00
0a00
0a00
0200
1000
1700
0e00
0d00
0200
0100
0400
0500
0100
0000
0000
0000
0000
0000
1800
2700
2600
0800
0600
0300
0d00
0f00
0a00
0b00
0500
0200
0000
0300
0000
0000
0000
0000
0000
0000
1d00
2000
1900
0b00
0900
0700
1000
0c00
0800
0800
0200
0000
0000
0100
0000
0000
0000
0000
0000
0000
