0b00
0e00
2300
0e00
0600
0b00
0d00
0d00
0800
0900
0700
0400
0300
0400
0100
0000
0000
0000
0000
0000
0900
1500
4200
0f00
0c00
0600
0700
0a00
1300
0c00
0800
0300
0300
0200
0200
0100
0000
0000
0000
0000
0b00
1200
1700
1000
0d00
1200
1100
1500
1400
1300
0a00
0200
0600
0700
0200
0000
0000
0000
0000
0000
0b00
1600
3200
1500
1000
1000
1800
1100
1000
1000
1100
0400
0300
0600
0200
0000
0000
0000
0000
0000
0800
1300
3b00
1800
0c00
0600
1200
1500
0f00
1300
0e00
0400
0800
0600
0300
0100
0000
0000
0000
0000
0c00
1d00
2800
2100
2000
1200
0c00
1400
1800
1100
1000
0500
0400
0600
0300
0200
0100
0100
0000
0000
0a00
2400
2700
0e00
0d00
0e00
0900
0b00
0d00
1400
0d00
0500
0800
0c00
0700
0200
0000
0100
0000
0000
0a00
1800
3600
1700
1000
1100
0700
0700
0f00
1200
0900
0500
0200
0600
0300
0000
0000
0000
0000
0000
0e00
1800
3400
1500
0a00
0b00
0800
1400
1e00
1300
1400
0700
0700
0900
0500
0100
0100
0100
0000
0000
0d00
1900
1900
1300
1100
0e00
0f00
1000
1500
1900
1000
0800
0800
0600
0100
0000
0000
0000
0000
0000
0a00
2000
2f00
1e00
1700
0c00
0c00
1000
0c00
0f00
0a00
0300
0200
0500
0200
0000
0000
0000
0000
0000
0c00
1b00
2800
1b00
1300
1000
0d00
1100
1e00
1b00
1100
0900
0300
0500
0300
0100
0000
0000
0000
0000
0b00
2800
5100
1a00
1700
1000
1700
1600
3400
2100
1100
0700
0600
0900
0500
0200
0100
0100
0000
0000
0d00
1d00
3e00
1900
1300
0b00
0e00
0800
0d00
0a00
0b00
0600
0400
0600
0100
0000
0000
0000
0000
0000
0900
1a00
3f00
1600
1000
0a00
0e00
0d00
1000
0b00
0b00
0400
0300
0200
0200
0000
0000
0000
0000
0000
0a00
2400
3800
1600
1300
0a00
1000
1100
0f00
0a00
0e00
0400
0400
0600
0200
0100
0000
0000
0000
0000
0b00
2600
4900
1300
0f00
0b00
0e00
1000
0f00
0f00
0800
0400
0300
0200
0200
0000
0000
0000
0000
0000
0a00
0f00
2e00
0f00
0d00
1000
0c00
1500
1a00
1700
0800
0200
0200
0500
0100
0000
0000
0000
0000
0000
1800
1600
3200
0c00
0900
0c00
0800
0900
1000
0d00
0d00
0400
0500
0a00
0400
0100
0000
0100
0000
0000
0a00
1700
3a00
1200
0f00
0a00
0e00
1100
1400
0f00
0a00
0700
0700
0a00
0400
0100
0000
0100
0000
0000
