0b00
1400
2300
1300
2100
1100
1e00
2100
1300
1100
0b00
0a00
0600
0d00
0d00
0600
0200
0300
0200
0200
0900
1100
1400
1400
1500
1400
1800
1500
1700
1c00
1500
0b00
0900
0900
0800
0300
0100
0300
0100
0200
0a00
1000
1800
1700
1200
1f00
1600
1600
0f00
1100
1000
0700
0700
0800
0800
0300
0200
0400
0100
0100
0b00
1900
2900
1300
1300
0e00
1900
1200
1d00
1b00
1300
0b00
0700
0e00
0b00
0400
0100
0300
0100
0100
0b00
0b00
1000
0b00
0e00
1100
1100
1200
1e00
2200
1300
0c00
0900
0b00
0b00
0300
0100
0200
0000
0100
0800
0c00
1c00
1600
1100
1200
1400
0f00
1000
1900
1800
0a00
0500
0800
0a00
0300
0100
0200
0100
0100
0800
1600
1400
0d00
0700
0b00
0b00
0f00
1600
1a00
1300
0a00
0900
0800
0a00
0300
0000
0400
0100
0100
1100
1b00
1000
0d00
1300
0900
1400
0e00
1200
2100
1600
0900
0700
0a00
0e00
0300
0200
0400
0000
0100
0e00
1300
0d00
0d00
0c00
0900
1000
0e00
1d00
2100
1400
0a00
0900
0800
0800
0300
0200
0400
0200
0200
0900
1300
0e00
0a00
0f00
0800
1200
1100
1700
1d00
1400
0800
0900
0b00
0c00
0400
0100
0200
0100
0100
0a00
1900
1c00
0a00
0800
0d00
1000
0c00
1800
1e00
1600
0c00
0800
0a00
0c00
0300
0100
0300
0100
0100
1200
1a00
1500
0700
0a00
1000
1000
0900
1500
1d00
1500
0e00
0800
0d00
0c00
0600
0200
0200
0200
0200
0e00
1c00
1b00
0900
0e00
0b00
1200
1300
1b00
2200
1c00
1100
0900
0b00
0c00
0600
0200
0500
0100
0100
1300
1800
0e00
0c00
1000
0e00
1400
0f00
1700
2200
1200
1000
0b00
1000
0700
0500
0100
0200
0000
0300
0a00
1700
1000
0a00
0800
0b00
1200
0d00
1900
2800
1800
0c00
0f00
1300
0d00
0800
0200
0300
0100
0200
0700
1500
0e00
0b00
0f00
0a00
0c00
1200
1700
1d00
1100
0e00
0a00
0d00
1200
0500
0200
0300
0200
0200
0700
0e00
1300
0c00
0900
0900
0e00
1200
2400
2000
1100
0900
0c00
0b00
1200
0600
0100
0200
0100
0200
0e00
1500
1400
0600
0a00
0d00
1700
1c00
2700
1200
0c00
0c00
0c00
0b00
0800
0500
0200
0200
0100
0200
0800
0e00
1300
0800
0d00
0f00
1400
1200
1a00
2a00
1900
1300
0b00
0600
0900
0300
0100
0500
0100
0100
0800
0900
0f00
0700
0c00
0d00
2000
1700
1f00
2200
1b00
1000
0d00
0a00
0800
0300
0200
0200
0200
0200
