1000
1900
1000
0500
1100
1400
2e00
3c00
3800
3400
2700
1500
0600
0700
0200
0300
0300
0300
0500
0600
1000
1700
1700
0900
0900
1500
4b00
3300
4100
2200
1600
0d00
0600
0800
0400
0400
0300
0400
0600
0400
1000
0f00
0a00
0600
0e00
1200
2800
3a00
3a00
3000
2300
1200
0800
0700
0300
0400
0400
0200
0500
0400
0e00
0f00
1100
0a00
1500
2100
5300
2900
3e00
3500
1d00
0c00
0a00
0c00
0400
0400
0400
0200
0500
0300
0c00
1c00
0900
0a00
1400
1800
3200
3a00
3300
2700
1e00
0c00
0700
0200
0300
0500
0400
0200
0400
0400
0b00
1600
0f00
0300
0900
1200
1f00
2600
2400
2800
2700
0d00
0500
0700
0200
0400
0100
0300
0300
0300
0a00
2300
1900
0c00
1200
1a00
3800
4800
5100
2600
1400
0800
0600
0700
0400
0600
0300
0300
0400
0500
0f00
1700
1800
0a00
0f00
1b00
2500
2d00
2f00
3100
2500
0b00
0700
0400
0400
0800
0400
0400
0600
0400
0a00
1300
1900
0800
1d00
2a00
3e00
4700
3600
3d00
2b00
0c00
0500
0700
0500
0700
0500
0400
0400
0300
0900
1200
0e00
0700
1200
1a00
1c00
3b00
4100
2e00
2f00
1500
0500
0600
0200
0600
0300
0300
0200
0400
1400
1c00
1500
0800
1800
1b00
2a00
4300
4a00
2a00
1a00
1100
0a00
0600
0300
0400
0100
0100
0200
0300
1700
1700
0c00
0a00
1f00
1c00
3600
2e00
2900
2a00
3200
0d00
0800
0400
0300
0500
0200
0100
0200
0400
1800
2000
1200
0800
1500
1100
3900
3400
3300
2d00
1a00
0d00
0800
0500
0300
0400
0200
0100
0400
0400
1300
1500
1600
0500
0400
1300
1b00
2e00
2c00
2900
2b00
1100
0600
0500
0200
0200
0000
0000
0200
0300
1500
1a00
1300
1400
1000
0e00
4a00
5600
3f00
4300
2f00
1500
0800
0a00
0500
0300
0600
0400
0300
0300
1100
1400
0600
0700
1100
1700
3a00
4300
5b00
2700
2300
1200
0900
0900
0400
0300
0300
0100
0200
0400
0e00
1200
1000
0500
0f00
1700
1a00
2e00
3f00
2d00
2000
1200
0700
0a00
0300
0100
0100
0300
0300
0200
1100
1500
0b00
0600
1400
1900
2100
6800
8200
3500
2e00
1900
0b00
0700
0600
0600
0300
0200
0200
0300
0f00
0d00
0e00
0a00
1500
1900
3600
3b00
4500
3200
3100
1800
0600
0500
0500
0200
0200
0100
0200
0400
0500
1700
1100
0600
1800
1e00
1600
2a00
3a00
3000
2100
1b00
0b00
0700
0600
0300
0200
0200
0200
0400
0c00
1900
0a00
0600
1100
1e00
2900
4a00
5e00
3000
2200
1600
0b00
0b00
0800
0600
0300
0200
0300
0500
0500
0c00
0c00
0600
0e00
1300
2d00
2800
3b00
2e00
2600
1800
0900
0a00
0a00
0400
0300
0300
0300
0300
0700
1a00
0c00
0600
1400
1b00
2500
2b00
2d00
4a00
3100
1b00
0800
0e00
0a00
0500
0400
0300
0300
0300
1600
1200
0e00
0a00
1500
1900
2f00
3300
3300
2e00
2600
1300
0800
0900
0b00
0400
0400
0400
0500
0300
1000
1b00
1200
0600
0900
1300
3500
2100
2700
1e00
1d00
1200
0a00
0a00
0b00
0600
0700
0800
0700
0800
1700
1600
0b00
0400
0e00
1900
3100
1e00
2f00
1f00
1600
0e00
0500
0d00
0a00
0500
0900
0400
0700
0700
1400
0900
0800
0900
0e00
1600
3d00
4100
3700
2200
1900
0e00
0500
0c00
0d00
0600
0600
0700
0900
0900
0d00
1200
1400
0900
0d00
1b00
2800
3300
1b00
1900
1b00
0e00
0700
1400
0f00
0600
0600
0600
0800
0700
1100
1400
0f00
0a00
1600
1e00
4a00
3100
5c00
3b00
1700
0a00
0600
0b00
0b00
0500
0500
0500
0300
0400
0900
0f00
0900
0600
0b00
1200
1e00
3100
2a00
2c00
1e00
0e00
0500
0c00
0700
0500
0300
0300
0200
0300
1400
1900
1500
0600
0900
0b00
2900
2700
2600
2700
1d00
0b00
0700
1100
0a00
0300
0200
0200
0500
0400
1400
0c00
0700
0900
0d00
1300
2d00
2800
3d00
2600
0900
0600
0600
0f00
0700
0300
0100
0300
0200
0200
0d00
0e00
0b00
0700
0900
0b00
0d00
2c00
3600
3300
1d00
0d00
0500
0d00
0a00
0300
0100
0200
0600
0300
0e00
1b00
0c00
0a00
0d00
0c00
1900
2100
2600
1600
0c00
0a00
0500
0b00
0700
0400
0300
0400
0500
0300
0a00
0d00
0700
0800
1100
0700
1800
2400
2500
2d00
1e00
0a00
0700
0d00
0700
0500
0100
0300
0800
0600
0b00
1200
0900
0800
1000
0d00
1800
2a00
1f00
1900
1000
0900
0400
0800
0500
0300
0100
0100
0200
0200
0a00
0c00
0800
0900
1000
1300
2200
2e00
2b00
1d00
1c00
0b00
0700
0700
0400
0200
0000
0100
0200
0300
0b00
0b00
0700
0600
1100
0d00
1200
1d00
1900
0c00
0b00
0400
0400
0b00
0400
0100
0000
0100
0100
0100
0c00
0a00
0900
0a00
0a00
0d00
0d00
1400
1a00
1400
0c00
0400
0400
0700
0300
0100
0100
0000
0100
0200
0600
0500
0400
0900
1200
1300
3e00
3200
3d00
1600
0c00
0500
0500
0700
0500
0100
0000
0100
0100
0100
0e00
0b00
0b00
0800
0f00
1700
1500
1a00
1300
0b00
0900
0400
0500
0800
0400
0200
0000
0000
0100
0100
0a00
0500
0400
0e00
0f00
0b00
1400
1500
1200
0d00
0d00
0400
0300
0600
0300
0200
0000
0100
0100
0000
0b00
0c00
0500
0a00
0f00
0e00
1500
1d00
1e00
1500
0c00
0400
0200
0400
0200
0100
0000
0000
0100
0000
0c00
0900
0500
0b00
1300
0f00
1400
1100
0b00
0d00
0900
0300
0300
0400
0300
0000
0000
0000
0000
0100
0d00
1000
0a00
0e00
1700
1200
1000
1500
2200
0900
0800
0300
0200
0400
0200
0000
0000
0000
0000
0000
1500
0f00
0700
0600
1a00
1000
1800
1700
1200
0800
0800
0200
0200
0200
0100
0000
0000
0000
0100
0000
1300
0800
0700
0700
0e00
1200
0d00
0c00
1500
0b00
0500
0300
0300
0400
0100
0000
0000
0000
0000
0000
0b00
0900
0700
0d00
0e00
1100
1900
1400
1800
0d00
0b00
0500
0200
0300
0100
0000
0000
0000
0000
0000
0b00
1d00
2000
0e00
0f00
0b00
0900
0b00
0a00
0400
0700
0200
0000
0300
0100
0000
0000
0000
0000
0000
0f00
0e00
0f00
0f00
1000
0400
0700
0500
0a00
0b00
0500
0200
0200
0100
0000
0000
0000
0000
0000
0000
0c00
1800
1500
1200
0f00
0b00
0800
0a00
0f00
1800
0c00
0200
0300
0500
0200
0100
0000
0100
0000
0000
0e00
1100
1000
0900
0800
0700
0a00
1100
2900
1c00
0d00
0800
0300
0600
0100
0000
0000
0100
0000
0000
0900
0b00
1b00
1300
0a00
0500
0600
0c00
0e00
0700
0500
0300
0100
0100
0100
0000
0000
0000
0000
0000
1200
1300
1300
1000
1300
0900
0a00
0c00
1500
0700
0500
0200
0100
0300
0200
0000
0000
0000
0000
0000
0a00
1800
2900
1400
0e00
0700
0400
0900
1100
0e00
0f00
0300
0400
0200
0100
0000
0000
0000
0000
0000
0b00
0d00
1100
1000
1300
0800
0800
1000
2000
1100
0c00
0600
0200
0400
0200
0100
0000
0000
0000
0000
0d00
0b00
1300
1500
0e00
0900
0600
0d00
0c00
0700
0500
0100
0100
0100
0000
0000
0000
0000
0000
0000
0f00
1a00
2c00
1300
0c00
0a00
0f00
0e00
1200
0c00
1300
0500
0200
0200
0100
0000
0000
0000
0000
0000
0a00
1a00
1e00
1d00
1600
1100
0900
1100
2200
1700
1000
0600
0400
0700
0400
0000
0000
0000
0000
0000
0800
0f00
1000
0e00
1000
0e00
0800
0600
0b00
0b00
0400
0100
0200
0200
0100
0000
0000
0000
0000
0000
0c00
0f00
0600
0b00
0700
0600
0800
0700
0c00
0800
0900
0400
0300
0300
0000
0000
0000
0000
0000
0000
0c00
1200
1400
0e00
1300
0e00
1200
0800
0400
0500
0600
0400
0200
0600
0200
0000
0000
0000
0000
0000
0a00
0a00
1000
1000
0800
0600
0500
0700
1600
0900
0300
0200
0200
0300
0000
0000
0000
0000
0000
0000
0c00
1300
1000
0f00
0700
0400
0800
0d00
0a00
0600
0500
0300
0100
0200
0100
0000
0000
0000
0000
0000
0c00
1e00
1b00
1700
1100
0800
0700
0500
0800
0800
0700
0600
0700
0500
0200
0000
0000
0000
0000
0000
1100
1500
2100
1300
0c00
0a00
0b00
0900
0d00
0c00
0800
0200
0300
0700
0500
0200
0000
0100
0000
0000
1000
1c00
1a00
1400
0d00
0b00
0500
0400
0600
0600
0300
0200
0100
0100
0000
0000
0000
0000
0000
0000
1400
1700
2300
1000
0a00
0400
0500
1200
1600
0900
0700
0300
0100
0100
0000
0000
0000
0000
0000
0000
1000
1c00
1b00
2200
1c00
0c00
0900
1800
1d00
0d00
0900
0200
0200
0400
0100
0000
0000
0000
0000
0000
1000
1600
1c00
1200
1500
0f00
0b00
1200
2400
0700
0600
0100
0200
0100
0000
0000
0000
0000
0000
0000
1100
1300
0b00
0f00
0b00
0900
0400
0700
0b00
0700
0600
0100
0100
0400
0200
0000
0000
0000
0000
0000
1600
1700
1300
0e00
1800
1200
0600
1400
2100
1700
0f00
0300
0300
0600
0100
0000
0000
0000
0000
0000
0f00
1700
1100
1400
1500
0d00
0800
1000
1800
0a00
0c00
0500
0400
0600
0200
0000
0000
0100
0000
0000
1000
0f00
0d00
0d00
0d00
0b00
0400
1100
1a00
0800
0300
0300
0400
0100
0000
0000
0000
0000
0000
0000
1600
1b00
2000
1900
0c00
0f00
0a00
1200
0c00
0700
0800
0100
0300
0500
0200
0000
0000
0000
0000
0000
0700
2800
1c00
1000
0e00
0d00
0700
1600
1d00
1000
0a00
0300
0300
0200
0100
0000
0000
0000
0000
0000
1400
2000
1800
1400
1400
0a00
0e00
1200
1800
0a00
0800
0300
0400
0500
0100
0000
0000
0000
0000
0000
1600
2000
1f00
1a00
1100
0b00
0e00
0700
0800
0700
0700
0500
0400
0400
0100
0000
0000
0000
0000
0000
0f00
2900
3b00
1c00
1200
0800
0d00
1100
1a00
0800
0e00
0400
0400
0600
0200
0000
0000
0000
0000
0000
0f00
2200
2900
0f00
1100
1300
0a00
0a00
1800
0800
0800
0400
0200
0300
0100
0000
0000
0000
0000
0000
0f00
0d00
2100
0f00
0a00
0c00
0b00
0a00
0900
0400
0600
0200
0100
0200
0100
0000
0000
0000
0000
0000
1000
1500
1700
1800
0900
0700
0e00
0800
1000
1200
0700
0100
0200
0400
0100
0000
0000
0000
0000
0000
1400
1100
1c00
0f00
1300
0e00
0700
0d00
1400
0700
0800
0300
0100
0300
0100
0000
0000
0000
0000
0000
1000
0d00
2000
1200
1400
1100
0500
0d00
1200
0400
0700
0300
0500
0300
0100
0000
0000
0000
0000
0000
1200
1300
1900
1800
0c00
0300
0900
0b00
1100
1000
0700
0400
0200
0400
0200
0100
0000
0000
0000
0000
1200
2200
2800
2000
1900
1200
1200
1e00
1400
1500
0800
0300
0600
0700
0400
0000
0000
0000
0000
0000
1500
2700
2000
1a00
1300
0f00
0f00
1c00
2900
1e00
0600
0600
0200
0600
0300
0000
0000
0000
0000
0000
0800
1800
1b00
1200
1300
0b00
0700
0e00
1800
0700
0400
0300
0200
0200
0100
0000
0000
0000
0000
0000
0e00
1f00
3100
1700
0900
0b00
0e00
0f00
1100
0a00
0700
0400
0200
0100
0100
0000
0000
0000
0000
0000
1a00
2100
4800
3e00
2600
0e00
0f00
0f00
2200
1700
1400
0600
0300
0400
0200
0000
0000
0000
0000
0000
1300
1700
3200
1900
0a00
0800
0800
1700
1900
0f00
0700
0200
0600
0400
0100
0000
0000
0000
0000
0000
0a00
1600
1a00
1d00
1200
0b00
0c00
1000
1400
0b00
0b00
0200
0400
0800
0200
0000
0000
0000
0000
0000
0f00
0700
1400
1900
0d00
0a00
0f00
1200
2000
2800
1700
0600
0400
1000
0500
0000
0000
0000
0000
0000
1800
1900
1500
1500
1a00
0c00
0500
0c00
0e00
1500
1000
0300
0600
0600
0200
0000
0000
0000
0000
0000
0a00
0d00
1c00
0e00
1200
0900
0600
0e00
1100
0800
0500
0100
0300
0300
0100
0000
0000
0000
0000
0000
0e00
1e00
2b00
1100
1000
0b00
0c00
1600
2600
0f00
0800
0300
0500
0300
0100
0000
0000
0000
0000
0000
0800
1600
2100
1200
1200
1400
0c00
1000
3800
1800
1100
0400
0200
0200
0100
0000
0000
0000
0000
0000
0c00
0d00
1400
0e00
0f00
0900
0800
0a00
1100
0700
0600
0300
0300
0300
0100
0000
0000
0000
0000
0000
0800
0f00
0f00
1300
0e00
0500
0b00
0f00
0f00
0800
0500
0300
0300
0400
0100
0000
0000
0000
0000
0000
0900
1a00
1700
1400
1800
0e00
0800
1700
2c00
1e00
1500
0700
0d00
0700
0400
0300
0100
0100
0000
0000
1000
0f00
2700
0f00
0d00
0800
0800
0c00
1e00
1100
0a00
0500
0800
0b00
0400
0100
0000
0000
0000
0000
0d00
0e00
1e00
1500
1200
0b00
0400
0b00
1800
0e00
0400
0200
0500
0300
0100
0000
0000
0000
0000
0000
