0b00
1400
1b00
3000
2300
1800
5700
3d00
3200
3100
3d00
2200
1d00
2000
1300
0800
0300
0200
0100
0000
0e00
0c00
1800
3400
1e00
1d00
5100
5c00
7500
3700
4e00
2500
1100
1300
0c00
0400
0300
0500
0100
0100
1100
2200
2c00
2100
2400
2d00
4200
4d00
5300
5500
3a00
1d00
1600
1800
1000
0600
0200
0300
0200
0200
0f00
1800
1a00
1200
1f00
3600
7800
3c00
3500
5900
5600
1900
1200
1500
0e00
0600
0300
0400
0200
0200
0f00
1400
1d00
3200
1b00
3000
7700
5100
4300
4400
3d00
2900
1500
1100
1100
0700
0200
0300
0100
0100
1200
0f00
1900
2600
1b00
3400
4c00
3d00
2f00
3800
3d00
2800
1900
1400
1000
0800
0300
0300
0100
0100
1000
1300
1c00
2200
2500
2f00
5800
6000
7400
5500
3b00
2800
2400
1e00
1900
0b00
0400
0500
0200
0200
0900
0e00
3b00
5000
2500
2f00
4e00
4700
3f00
5900
4900
1600
2200
2000
1100
0500
0400
0800
0200
0300
0a00
1800
3200
2000
2500
2e00
6e00
6200
3400
6900
3900
2400
1f00
1d00
1000
0700
0300
0700
0400
0300
0e00
1500
3a00
2700
2600
3600
4b00
5600
5800
5700
5c00
2b00
1e00
1d00
1600
0900
0400
0700
0400
0300
0800
1300
2e00
1700
1c00
3100
4900
6d00
5400
6f00
5100
2800
1d00
2100
1300
0a00
0500
0700
0400
0400
0a00
1200
3500
6200
5c00
4300
4900
3a00
2300
8a00
4d00
1b00
2100
2f00
1700
0900
0600
0600
0200
0300
0800
1500
3000
2f00
2200
2d00
7100
7a00
5000
5f00
5500
2200
1900
1d00
1c00
0700
0500
0500
0300
0300
0b00
1100
2800
5a00
1e00
3200
8400
4e00
4800
6e00
4b00
2800
1a00
2500
1200
0800
0700
0f00
0900
0300
0f00
1200
3100
4100
1c00
3900
9100
7100
6e00
8600
4d00
2800
1c00
2000
1800
0a00
0700
0800
0400
0400
1100
1900
2b00
2b00
2f00
2a00
6f00
4c00
5100
9c00
8300
3900
2200
2500
1700
0700
0700
0b00
0400
0300
0f00
1e00
4100
3000
2500
2400
3300
3800
6200
8d00
8700
1f00
1e00
3200
1400
1100
0b00
0e00
0500
0600
0f00
1100
1300
2f00
4900
2400
5500
7100
3e00
6100
4900
2100
2500
1c00
1d00
0b00
0700
0900
0300
0400
1300
1700
2400
2400
3000
2100
4400
3a00
5200
6c00
4500
3500
1e00
3400
2100
0e00
0600
0a00
0400
0700
0f00
1b00
3a00
2f00
3900
3800
6400
3d00
5000
8800
5200
2f00
2c00
2300
1d00
0f00
0900
0c00
0400
0600
0e00
1900
3000
4300
4000
3d00
4d00
5400
4f00
8900
5500
2f00
2700
2800
1800
0a00
0400
0800
0300
0400
1a00
1d00
2700
2b00
2c00
3700
8000
7900
6000
7e00
5c00
3100
1e00
2700
2000
1200
0600
0a00
0400
0500
0e00
1100
2300
5600
3b00
2800
4900
4900
4a00
7000
5200
2400
2b00
2d00
2400
1400
0800
0a00
0700
0700
1400
2400
3b00
4300
2000
2700
3e00
5900
4b00
5a00
4800
3e00
3600
3000
2200
0a00
0700
0a00
0300
0400
1000
2600
3b00
4500
3700
3500
5700
5b00
2f00
5b00
4f00
2900
2d00
2b00
2900
1100
0700
0700
0200
0600
0800
1500
2400
3c00
2200
3200
4600
4c00
3500
6100
3700
1b00
1600
2600
2200
0b00
0400
0700
0300
0500
0f00
1a00
2900
2600
2100
2700
3800
7900
a800
4600
2a00
1700
1e00
2800
1d00
0c00
0500
0700
0300
0300
0e00
1300
1900
2800
2200
2000
3a00
3c00
4700
4000
3a00
2700
2e00
2200
2800
0a00
0600
0600
0600
0400
1000
1200
1a00
3200
3600
2800
6800
8300
6900
4f00
3000
2100
1a00
2500
2800
0800
0400
0400
0300
0300
2000
0f00
2d00
2e00
1e00
1e00
5f00
4d00
4c00
5b00
3800
2e00
2f00
2200
1f00
0a00
0500
0600
0400
0400
0e00
1200
2a00
4500
3400
2600
2c00
5a00
7b00
7b00
5a00
2c00
2000
2d00
2600
0b00
0600
0600
0500
0500
0b00
1100
2700
3100
3b00
3a00
7400
5300
6000
5300
5400
2900
1900
2100
1b00
0700
0300
0500
0400
0200
1100
0e00
2300
3400
2800
3b00
3700
4c00
5500
4b00
5c00
2500
1a00
3200
1d00
0800
0500
0700
0300
0200
0c00
1300
3700
4800
3400
3200
4700
5d00
3e00
3200
4700
2a00
1e00
2a00
2400
0800
0500
0700
0400
0800
0d00
0c00
2900
3c00
3500
1700
3b00
5600
4b00
3f00
3900
2600
2b00
1e00
1d00
0a00
0500
0700
0400
0500
1300
2400
3e00
5700
2a00
2f00
3600
4900
5900
3b00
3c00
1c00
2100
2300
1000
0c00
0700
0700
0400
0600
1400
1900
2300
5400
3c00
2000
4f00
7200
4c00
3700
4100
3400
2600
2500
1100
0800
0400
0800
0300
0400
0f00
1500
2b00
4400
5000
2e00
2d00
6900
5e00
4d00
3f00
2f00
3400
2300
0d00
0800
0400
0600
0400
0300
0700
1700
2a00
4800
3300
4100
3700
4600
2e00
5400
3800
3200
2400
1700
1800
0700
0300
0700
0400
0300
0f00
1700
2c00
3d00
2300
2a00
4a00
5600
5400
3600
2a00
2c00
1e00
2100
1b00
0700
0300
0600
0400
0200
0800
1300
3200
4900
3b00
2d00
5700
4900
4700
5800
4f00
3100
1d00
2700
1a00
0700
0400
0600
0300
0400
4200
1800
3b00
2300
3700
4000
4900
3a00
4100
4e00
4200
3b00
1d00
1c00
1500
0900
0300
0500
0200
0100
3600
2800
2700
1c00
3800
3700
5c00
3800
6900
6d00
4a00
1d00
2200
2300
2000
0b00
0400
0600
0200
0200
0c00
1a00
3000
2d00
3e00
3200
5900
2900
3b00
5500
4d00
1800
1700
1e00
1400
0900
0500
0600
0300
0400
1400
2200
2e00
1d00
2d00
3a00
3700
3200
4500
4300
4400
1f00
1500
1d00
1e00
0800
0300
0500
0200
0200
0a00
2300
2200
1800
1300
2400
6000
4900
5200
4f00
3600
1b00
1c00
2100
1a00
0b00
0300
0600
0200
0200
0c00
1c00
3e00
1700
2100
3d00
8c00
4300
4700
6c00
4600
2600
2000
2a00
1400
0500
0300
0600
0200
0200
0e00
2b00
2700
2100
2200
3b00
6c00
2300
3700
5600
4900
2500
1f00
2200
1600
0700
0300
0500
0300
0200
0a00
1f00
3000
1a00
2a00
2200
2e00
3400
3c00
4700
4800
1f00
1400
2000
1b00
0800
0400
0600
0300
0100
1300
1c00
4a00
1c00
1f00
3600
4a00
4100
5000
4e00
3b00
1f00
1400
1100
1100
0800
0300
0500
0100
0100
0f00
1500
2a00
2100
2100
1d00
5d00
5000
3400
5800
5500
2a00
1b00
1a00
0f00
0500
0400
0400
0100
0200
0d00
1600
3200
2d00
1c00
2d00
6400
5f00
4300
2800
4f00
2b00
1d00
1900
1b00
0600
0200
0400
0200
0100
1500
2400
3c00
2400
2800
2b00
5a00
4600
3f00
2b00
2500
2500
2800
1b00
1b00
0700
0400
0600
0200
0200
1400
1800
2d00
2900
2300
2c00
5b00
5a00
4100
3d00
5500
3300
1e00
1d00
1b00
0600
0200
0300
0200
0100
1600
1600
2500
1200
1600
3e00
5000
4700
4c00
4000
3900
2500
1f00
2400
1900
0800
0300
0500
0200
0200
0e00
1d00
3e00
1d00
2600
3300
6200
3200
2c00
4100
4100
2700
1e00
2400
1700
0700
0600
0700
0200
0100
1100
1200
2200
1800
1900
4200
5f00
3f00
6200
2e00
2800
1e00
2400
1e00
1200
0600
0500
0400
0100
0100
0900
1b00
3500
1c00
2d00
2800
5400
5b00
4700
3200
3600
2b00
1f00
1700
1100
0400
0300
0400
0100
0100
1000
1400
2700
1d00
1d00
2200
3f00
4300
4300
3a00
2f00
2100
2100
1800
1400
0900
0300
0400
0100
0200
0700
1800
4500
1700
1a00
1600
1f00
2000
2300
3300
3d00
2600
1b00
1600
1000
0500
0300
0400
0200
0100
1500
2000
2f00
2300
2e00
2200
4900
4600
5900
6600
4400
1c00
2500
1800
1000
0400
0400
0700
0200
0200
0900
1c00
3100
1d00
2000
1f00
4200
4e00
5d00
3700
3000
1b00
1a00
1e00
1600
0500
0200
0300
0000
0100
1300
1400
3400
2100
2300
2a00
4200
4400
3f00
5000
4200
1900
2100
1600
1300
0700
0400
0500
0100
0100
7300
4f00
3500
2100
1200
1800
2f00
3a00
4300
4400
3200
1d00
2300
2100
1300
0600
0300
0600
0200
0100
5d00
8100
3400
1600
2000
2300
4e00
4100
3900
3b00
3100
2e00
2c00
1e00
1200
0900
0600
0600
0200
0100
3700
2900
4800
2500
2b00
2200
4900
4300
6c00
4c00
3100
2000
2200
1900
1200
0300
0300
0900
0200
0200
3000
4200
3300
3200
2a00
2300
4900
4200
6700
3200
1500
1e00
1a00
1900
1000
0500
0300
0500
0100
0200
1300
1d00
3500
1a00
1800
2400
4500
4b00
5e00
3200
2300
1e00
1f00
1200
1300
0600
0500
0600
0100
0200
1100
2900
3000
1400
2100
2000
5a00
5800
4200
2400
2700
1900
1a00
1800
1600
0500
0400
0400
0100
0200
1400
2800
3a00
1900
1300
2900
5500
4600
3d00
3500
2500
1e00
1b00
1000
1500
0700
0300
0300
0100
0300
0d00
2100
2800
1800
1300
0f00
3900
3700
3100
3300
3700
3100
1900
1800
1400
0600
0300
0500
0200
0100
0800
1e00
3d00
2100
1100
1b00
3a00
3b00
3100
4000
3a00
2200
1800
1900
0e00
0500
0200
0400
0100
0100
0a00
1a00
3900
2200
1c00
2e00
2600
2500
3800
3e00
3300
2500
1500
1700
1700
0600
0300
0300
0100
0200
0b00
1600
2200
1400
2f00
2400
4800
3500
4400
4700
3300
1600
1200
1300
1600
0700
0400
0500
0100
0100
0e00
1600
2000
2100
1c00
1b00
3a00
2600
4400
4800
2f00
1400
0e00
1000
1100
0500
0200
0400
0100
0100
1400
1e00
2200
1a00
1c00
2c00
2700
3a00
5100
3100
3700
1500
1600
1700
1100
0400
0200
0500
0100
0000
0d00
1c00
3200
1600
1300
1c00
3c00
2c00
2d00
4000
2700
1e00
1400
1700
0e00
0500
0200
0400
0100
0000
0d00
0b00
3000
1f00
0e00
1800
3500
3100
2700
3a00
3500
2100
1400
0f00
0a00
0300
0200
0300
0000
0000
0c00
1200
2a00
1b00
1800
1200
3600
2400
2200
1f00
2600
1600
1400
1100
1200
0300
0100
0200
0000
0000
0c00
1200
2200
0f00
1100
1700
2b00
2200
1800
1c00
1e00
1200
1300
1200
0a00
0100
0100
0100
0000
0000
1100
1300
1c00
1000
1400
0e00
0b00
1200
1e00
2d00
1c00
0e00
0e00
0c00
0600
0100
0100
0200
0000
0000
1000
1200
1300
1000
1700
1000
1600
1800
1f00
2e00
1b00
0e00
0a00
0b00
0700
0300
0100
0200
0000
0000
0900
0b00
1d00
1500
1500
1500
1b00
1600
1b00
0f00
1000
1000
0800
0c00
0600
0100
0000
0000
0000
0000
0c00
1000
2400
1300
1300
0700
1100
1a00
1100
1d00
1500
0f00
0900
0900
0400
0100
0000
0100
0000
0000
0a00
0b00
1200
0c00
0e00
0f00
1d00
1200
1100
1300
1000
0700
0800
0a00
0700
0200
0000
0000
0000
0000
0d00
0c00
1100
0d00
0b00
0900
1b00
1e00
1600
1200
1300
0700
0800
0b00
0400
0100
0000
0000
0000
0000
0c00
0700
0b00
0d00
0800
0700
1900
1400
2400
1300
0e00
0900
0600
0800
0300
0000
0000
0000
0000
0000
0a00
0600
0b00
0800
0a00
0800
1b00
1200
1500
1400
0a00
0600
0500
0600
0200
0100
0000
0000
0000
0000
0d00
0a00
1200
0d00
0800
0c00
0f00
0d00
0b00
0a00
0b00
0600
0500
0600
0300
0000
0000
0000
0000
0000
0b00
0600
0c00
1000
0500
0700
1000
1500
1100
0a00
0d00
0900
0600
0500
0100
0000
0000
0000
0000
0000
0c00
0800
0c00
0500
0800
0b00
1500
0800
0a00
0d00
0700
0400
0400
0200
0200
0000
0000
0000
0000
0000
0800
0700
0a00
0700
0800
0700
0d00
0a00
0f00
0e00
0900
0500
0500
0400
0100
0000
0000
0000
0000
0000
0c00
0900
0a00
0600
0700
0b00
0a00
0700
0b00
0d00
0d00
0400
0300
0300
0200
0000
0000
0000
0000
0000
0f00
0500
0700
0400
0700
0500
0d00
0800
0f00
1000
0900
0300
0200
0400
0200
0000
0000
0000
0000
0000
1300
0400
0400
0400
0400
0900
0a00
0a00
0700
0900
0900
0400
0200
0400
0200
0000
0000
0000
0000
0000
0800
0600
0500
0500
0400
0800
0600
0900
0800
0800
0900
0300
0200
0100
0100
0000
0000
0000
0000
0000
0c00
0400
0600
0600
0700
0800
0a00
0a00
0800
0c00
0700
0200
0200
0300
0200
0000
0000
0000
0000
0000
0900
0600
0f00
0600
0800
0900
0d00
1000
1100
0800
0700
0500
0300
0300
0100
0000
0000
0000
0000
0000
1400
0a00
0800
0600
0700
0400
0c00
0b00
1500
0b00
0e00
0500
0200
0300
0100
0000
0000
0000
0000
0000
0b00
0700
0b00
0600
0600
0a00
0a00
0900
0c00
0900
0b00
0400
0200
0100
0000
0000
0000
0000
0000
0000
0700
0500
1400
0800
0900
0a00
0800
0700
0e00
0e00
0a00
0200
0200
0300
0200
0000
0000
0000
0000
0000
1200
0600
0700
0a00
0600
0700
0c00
0900
0a00
0e00
0700
0300
0500
0300
0100
0100
0000
0000
0000
0000
