1300
1b00
1900
0a00
0c00
0900
1600
0e00
1500
1d00
1800
0e00
0700
0900
0a00
0400
0100
0200
0100
0100
0b00
2800
1300
0700
0d00
0d00
0f00
0e00
1400
1b00
1400
0800
0a00
1100
0c00
0200
0200
0400
0100
0100
0a00
1800
1600
0d00
0600
0a00
1000
1500
2100
2400
1900
0d00
0a00
1100
0c00
0700
0200
0300
0100
0300
0a00
1100
1400
0e00
0800
0b00
1200
1400
0f00
1700
1100
0a00
0a00
0900
0c00
0400
0300
0300
0100
0200
0900
0800
0d00
0900
0c00
0900
1500
1400
2800
2500
1b00
0a00
0600
0e00
1100
0400
0200
0300
0200
0200
0b00
1c00
0f00
0900
0c00
0900
0d00
1200
1d00
2100
0f00
0d00
0b00
0a00
0c00
0500
0200
0300
0100
0200
0700
1500
1900
0800
0b00
0600
1400
1700
2a00
2200
1800
0d00
0700
0a00
0900
0500
0200
0400
0100
0200
0b00
0a00
0b00
0f00
0c00
0e00
1200
1100
1c00
2000
2300
0f00
0b00
0d00
0c00
0500
0300
0300
0300
0100
0800
1200
0b00
0d00
1000
1600
1300
1000
1a00
2000
1b00
0a00
0d00
1000
0f00
0500
0200
0300
0100
0200
0b00
1700
1000
0800
0700
1500
2300
0e00
1800
1c00
1300
0b00
1000
1000
0d00
0600
0300
0500
0300
0300
0900
0a00
0e00
0c00
0700
0700
1100
1600
1f00
2c00
1e00
0a00
1000
1600
1200
0600
0400
0600
0300
0300
0900
0d00
1b00
0b00
0c00
1700
2200
1b00
2300
3000
2d00
1300
0f00
0f00
0f00
0600
0500
0700
0300
0300
0b00
1400
1c00
1100
0900
0a00
2400
1800
2900
2800
2400
1900
1200
1e00
1700
0900
0900
0a00
0500
0600
1100
0f00
1200
0b00
0c00
1400
1500
1500
2200
2300
3200
1d00
1100
1400
1400
0b00
0600
0a00
0500
0400
0d00
1600
1600
0d00
0e00
1600
1500
1700
2c00
3900
3600
1300
1500
1400
1100
0b00
0900
0c00
0700
0500
1000
0f00
0e00
0600
0900
0a00
1b00
1300
1400
1e00
1e00
1900
0f00
1500
1a00
1000
0b00
0b00
0700
0d00
0a00
0c00
1500
0d00
0b00
1000
2600
1e00
2f00
2300
2a00
1700
0d00
1400
1300
0c00
0700
0a00
0400
0700
0c00
1800
1600
0900
0c00
0c00
1400
1d00
2b00
3100
3c00
2100
1300
2800
1a00
0e00
0600
0c00
0900
0800
0a00
0700
0700
0a00
1100
1200
1900
1e00
4800
3a00
2e00
1b00
1100
1a00
1300
0b00
0a00
0b00
0900
0600
0b00
1200
1200
0500
0700
0500
1400
1a00
3300
3600
2600
1500
1000
1b00
1100
0600
0600
0b00
0500
0600
1000
1000
1400
0f00
1100
1100
2d00
2000
2600
3500
3200
1900
1300
1f00
1f00
1300
0b00
0f00
0400
0400
0900
0a00
0f00
0c00
1200
0e00
2900
1200
2300
3300
3600
2a00
1600
1c00
1200
0a00
0500
0800
0400
0500
0900
1500
1700
1200
1c00
1200
3300
4f00
4100
4f00
3700
2000
1800
1c00
1c00
0e00
0500
0700
0600
0700
0d00
0a00
1100
0c00
1a00
2100
2a00
2d00
3d00
3600
2400
1b00
1400
2300
2300
0d00
0500
0800
0300
0600
0700
1300
1600
0d00
1d00
2100
4700
2f00
3400
2d00
2300
1100
1000
1c00
1300
0d00
0700
0600
0300
0300
0900
1300
1500
0c00
1100
1200
3b00
1400
2a00
3800
2700
1900
1300
1500
1500
0800
0300
0300
0200
0200
0a00
0a00
0a00
0c00
0e00
1500
1f00
1c00
2200
2c00
2200
1700
1000
1400
0f00
0700
0400
0500
0300
0500
0500
0900
1300
0700
0d00
1b00
2800
2900
3300
2600
2d00
1500
1700
1700
0a00
0600
0400
0500
0200
0300
0800
1700
1100
0c00
0d00
0e00
2e00
3c00
2300
2f00
2b00
1700
1000
1900
1400
0900
0500
0600
0200
0200
0600
1200
1500
1100
2000
1d00
1d00
2f00
2200
2d00
2400
1b00
1200
1c00
0e00
0800
0500
0600
0300
0300
0e00
1100
1d00
0f00
1200
1700
4500
2800
4b00
3b00
2100
1b00
1000
1600
0d00
0800
0400
0400
0400
0500
0d00
1900
1800
1500
2100
1600
1600
2200
2300
3f00
2c00
1300
1200
1300
0d00
0c00
0600
0500
0100
0200
0d00
0e00
1300
0b00
1900
1a00
1600
1e00
2600
2800
3d00
1300
1100
1800
1200
0a00
0500
0600
0200
0200
1300
1300
2600
0e00
1700
1800
2800
2a00
3200
3c00
2500
1500
1400
1300
0e00
0700
0300
0500
0400
0300
0d00
1200
1700
1300
2100
2100
2500
2000
3400
3400
2300
1400
1c00
1500
0c00
0700
0400
0600
0200
0200
1000
1b00
2800
1800
1600
1900
2900
1a00
1600
1900
2d00
1c00
1000
1400
0a00
0a00
0700
0800
0500
0a00
1700
2500
1e00
0700
0d00
1700
2200
3700
2d00
2500
3000
2600
1000
0f00
0d00
0900
0700
0700
0600
0800
0800
2400
2700
1c00
0c00
1f00
3900
2000
1e00
2e00
2e00
1c00
0b00
1000
1200
0b00
0500
0600
0400
0800
1000
1e00
1900
1300
1800
1e00
2200
2200
1b00
1b00
2000
1700
1200
1a00
0f00
0800
0a00
0800
0600
0800
0f00
1b00
1f00
0f00
1100
1c00
3300
2f00
2500
2800
2800
1100
0b00
1100
0d00
0800
0400
0700
0500
0700
0f00
2100
1700
1200
0f00
2100
3a00
2300
2b00
3700
1e00
1200
0b00
1000
0a00
0800
0600
0700
0600
0500
0f00
2c00
2200
1400
1100
2100
2a00
2700
2b00
1800
3300
1d00
0d00
1700
0e00
0d00
0800
0900
0700
0500
0d00
2900
1a00
1100
0d00
1100
2000
2600
3000
2600
3100
2100
0e00
1900
0b00
0b00
0600
0700
0600
0400
0f00
1700
1f00
1200
1000
1e00
2500
2100
2f00
2600
3100
2100
0d00
1700
1000
0a00
0500
0700
0500
0400
0f00
1b00
2200
1000
1200
1200
4f00
2b00
2500
3100
3200
2000
1300
1500
0d00
0a00
0600
0800
0900
0600
0c00
2c00
2c00
1800
0d00
1b00
4c00
3400
3000
2600
3500
1300
0800
1300
0900
0a00
0800
0600
0500
0600
1300
2800
2d00
1100
1500
2100
3800
2a00
3100
2d00
2900
1900
0c00
1200
0f00
0600
0600
0c00
0a00
0600
0c00
1800
2300
1100
1b00
2800
2900
2d00
3100
2600
2600
1500
1100
1400
0e00
0800
0700
0700
0600
0400
0d00
1700
1b00
2100
0e00
1f00
2100
2300
2300
1800
2a00
1b00
0f00
1200
0a00
0a00
0700
0a00
0700
0700
0c00
1d00
1d00
1a00
1600
0e00
1a00
2700
1d00
1600
1e00
1400
0e00
1a00
0f00
0900
0400
0800
0500
0600
0900
1300
1400
0e00
0f00
2200
3300
3100
2000
2500
2e00
1800
0e00
1200
0f00
0800
0400
0600
0400
0500
1900
2400
1600
0800
0d00
2700
3800
1e00
1800
2c00
2f00
1900
1400
1200
0c00
0e00
0600
0700
0500
0500
0d00
1800
1300
0e00
1600
1b00
2f00
2700
2800
1500
2a00
1b00
1900
1600
0b00
0700
0600
0600
0400
0400
0d00
2100
2200
1400
1400
1a00
2a00
1e00
1500
1e00
2f00
1f00
1200
1000
0b00
0700
0500
0600
0800
0600
0c00
1b00
1e00
1300
0e00
1b00
3a00
2f00
2000
1e00
2200
1600
1100
1100
0a00
0a00
0800
0800
0600
0500
0f00
2600
1e00
1100
0b00
1200
1000
1d00
2b00
2200
2100
2100
1300
1300
0a00
0900
0600
0600
0700
0500
1300
2100
0c00
1000
1100
1b00
2200
1d00
2d00
2e00
2900
1300
1300
0f00
0c00
0b00
0600
0700
0400
0700
1500
2800
1e00
0d00
0b00
1a00
1900
1d00
1c00
1c00
2b00
2000
0f00
1300
0900
0a00
0600
0700
0600
0700
0e00
1300
2400
1700
0e00
2000
2800
2600
3a00
2400
3000
1b00
1300
1700
0e00
0a00
0700
0700
0400
0500
1200
1e00
1f00
0c00
1100
2400
3100
2900
3200
2800
3500
1d00
1400
1200
0e00
0700
0600
0900
0400
0400
1600
2700
1a00
1200
0c00
1900
2400
2100
3000
3800
3300
1800
0e00
1200
0a00
0a00
0800
0800
0800
0700
0f00
1900
1600
1000
0c00
2200
3a00
3000
4900
4a00
3a00
2200
1000
1500
1200
0900
0700
0700
0500
0500
1100
1c00
1500
0c00
1a00
2200
3500
4400
2e00
3200
3000
1b00
0e00
1100
1000
0c00
0800
0900
0600
0700
1000
1f00
1b00
1800
1400
2400
2d00
2e00
2200
2100
2200
1200
0b00
1300
0b00
0b00
0800
0a00
0700
0600
1200
1800
2800
1200
0900
1f00
2500
1c00
3800
3700
3100
1800
0d00
0e00
0c00
0c00
0600
0800
0700
0700
0f00
1e00
3100
1900
0a00
1500
2700
2400
3500
2700
1b00
1200
0c00
1500
0e00
0c00
0a00
0c00
0500
0700
0e00
2000
2100
1200
0e00
2800
3000
3b00
2c00
4c00
2f00
1c00
1100
1900
1600
1200
0800
0700
0500
0400
1900
2000
1b00
0c00
0f00
2800
3a00
3800
3000
1800
3500
1a00
1100
1700
1300
0a00
0900
0c00
0600
0700
1b00
2e00
2200
1300
0900
2100
4100
3600
2b00
2500
2e00
1b00
1b00
0f00
0b00
0c00
0c00
0a00
0700
0600
1500
1e00
1500
1500
0f00
1600
2200
3200
2c00
2400
2600
1500
1400
1200
0900
0b00
0700
0600
0800
0800
1100
1e00
1300
1300
1300
1600
2c00
2200
2c00
2800
2300
1500
1200
1700
0c00
0800
0600
0600
0800
0700
0c00
2300
2300
1100
0d00
1d00
2b00
1f00
2b00
2300
1e00
1200
1300
1600
0e00
0700
0700
0600
0700
0800
1700
1d00
1400
1d00
1200
1400
2d00
1b00
2600
2b00
2100
1000
1100
0d00
0e00
0b00
0700
0a00
0700
0600
0f00
2000
1600
1400
0a00
2400
2500
1e00
2f00
1700
1900
1500
0e00
1000
0a00
0700
0700
0800
0500
0700
0c00
1a00
1b00
1100
0f00
1600
2000
2400
1e00
1f00
2500
1200
0b00
0f00
0b00
0600
0500
0900
0700
0600
0c00
2700
2500
1700
0d00
1c00
2500
1700
2700
2300
1c00
1400
0900
0c00
0900
0900
0700
0500
0300
0400
0800
2300
2500
1900
1b00
1700
2e00
3200
1e00
1f00
2200
1e00
0a00
1100
0900
0800
0a00
0b00
0500
0600
0900
1e00
1500
1500
1200
0d00
1500
2800
2300
2600
1f00
1c00
0c00
0d00
0a00
0800
0500
0700
0700
0500
0a00
1200
1300
1500
0e00
1500
1c00
1d00
2000
1700
1e00
1500
0e00
0e00
0900
0800
0500
0a00
0400
0500
0800
1900
2900
0e00
1000
1500
2b00
1b00
2e00
1500
1a00
1700
1000
1000
0c00
0500
0400
0900
0500
0800
0d00
1500
2000
1200
0c00
1d00
2400
2400
1900
2700
2000
1600
0b00
1000
0c00
0700
0500
0800
0500
0500
0a00
2e00
3400
1900
1000
1600
2700
1f00
2500
2200
2f00
2200
1000
0d00
0b00
0b00
0700
0b00
0800
0500
0c00
1a00
1e00
0f00
1000
1d00
2c00
2a00
2900
2000
2100
1700
0d00
0f00
0b00
0800
0700
0900
0800
0700
0d00
1800
1100
0e00
0a00
1e00
1f00
1800
1a00
2b00
2100
1600
1300
1000
0d00
0600
0600
0c00
0700
0600
0800
2000
2b00
0a00
0b00
1800
1e00
1900
2d00
1600
2000
1800
1300
1700
0d00
0600
0600
0900
0600
0900
0b00
1300
2d00
0c00
0700
1d00
2c00
1f00
2100
2000
2500
1b00
1500
1200
0c00
0800
0600
0900
0700
0700
1e00
2e00
1900
0e00
0e00
2300
4300
2d00
2200
1b00
2400
1800
1600
1200
1100
0b00
0900
0b00
0700
0a00
0e00
2600
2500
1100
0b00
1a00
2900
2500
3200
1a00
1f00
1700
0e00
0b00
0600
0700
0900
0c00
0800
0900
0b00
1900
1c00
1100
1000
1200
2900
2100
1900
2c00
2300
1a00
1300
0e00
0e00
0900
0900
0e00
0a00
0a00
1600
1f00
1500
1100
1500
1500
2300
3000
2700
1b00
1f00
1900
1300
1400
0e00
0900
0900
0a00
0f00
0800
1000
3500
2700
0c00
0f00
1700
1c00
1d00
2500
1400
2400
1b00
1200
1200
0d00
0a00
0800
0c00
0d00
0a00
1200
2c00
3400
1400
0b00
2100
2c00
2500
2e00
1b00
2500
1700
0e00
1400
1100
0b00
0700
0900
0b00
0c00
1300
2f00
2300
0800
0900
2d00
3f00
2100
2600
2600
1f00
1800
1800
1000
0e00
0d00
0800
0d00
0b00
0900
0c00
1b00
1b00
1500
1100
2000
2e00
1f00
2200
2200
2a00
1300
1200
1700
0d00
0d00
0a00
0e00
0a00
0a00
0d00
1a00
1200
1500
1800
1c00
3c00
1800
0f00
2200
3300
2500
0f00
1200
0f00
0a00
0900
0b00
0a00
0a00
1200
1700
2400
0b00
0f00
1d00
3200
2700
3300
2600
2100
1300
1400
1000
0e00
0e00
0800
0e00
0800
0800
1000
1b00
2a00
0f00
1300
1f00
3200
2200
1300
1100
2100
1e00
1600
0e00
0700
0b00
0700
0b00
0800
0900
1300
1800
2c00
0f00
0f00
2300
3c00
2500
2700
2a00
2f00
1b00
1500
1100
0d00
0a00
0800
0f00
0a00
0900
0c00
1e00
1f00
1400
1200
1a00
1f00
1400
1e00
2600
2700
1e00
0d00
0e00
0e00
0a00
0800
0d00
0a00
0600
0900
1b00
1a00
0f00
0800
1c00
2c00
2b00
2800
2300
3500
2600
0a00
1100
0900
0700
0700
0a00
0800
0700
0f00
2e00
2800
0f00
0c00
2100
2b00
2300
2600
1c00
2b00
2200
1400
0e00
0e00
0800
0700
0900
0700
0700
0e00
2100
1900
0900
0d00
2500
3500
2a00
2700
2c00
2f00
1e00
1300
1500
0f00
0800
0900
0e00
0c00
0800
