0800
2000
1d00
0900
0f00
0500
0600
0d00
0800
0900
0500
0400
0300
0500
0300
0100
0000
0100
0000
0000
1000
2200
1a00
0500
0600
0300
0200
0600
0600
0900
0500
0400
0200
0400
0200
0000
0000
0100
0000
0000
0a00
1c00
1700
0900
0900
0200
0600
0800
0500
1000
0800
0400
0600
0400
0100
0000
0000
0000
0000
0000
0b00
2500
2d00
0a00
0800
0500
0c00
0b00
0900
0b00
0600
0400
0200
0400
0100
0000
0000
0100
0000
0000
0700
2200
2b00
0b00
0900
0500
0d00
0b00
0600
0800
0500
0400
0200
0400
0100
0000
0000
0000
0000
0000
1300
2000
1f00
0800
0700
0300
0b00
0d00
0900
0b00
0300
0200
0100
0400
0100
0000
0000
0000
0000
0000
1000
2d00
3400
0d00
0d00
0500
0900
0b00
0a00
0b00
0200
0000
0100
0500
0100
0000
0000
0000
0000
0000
0e00
2800
2800
0d00
0d00
0500
0b00
1100
0500
0800
0300
0100
0200
0300
0100
0000
0000
0000
0000
0000
0b00
2500
2000
0c00
0700
0400
0c00
0b00
0400
0700
0200
0100
0000
0200
0100
0000
0000
0000
0000
0000
0e00
2400
2000
0b00
0600
0500
1100
0900
0500
0d00
0400
0000
0200
0300
0100
0000
0000
0000
0000
0000
0b00
2400
2500
0600
0700
0b00
1700
0c00
0700
0700
0400
0300
0100
0500
0300
0000
0000
0000
0000
0000
1400
1d00
1b00
0800
0600
0500
1800
0a00
0900
0700
0500
0100
0100
0300
0100
0100
0000
0100
0000
0000
0e00
1b00
2100
1100
0900
0600
1e00
0f00
0e00
0a00
0300
0100
0100
0800
0300
0000
0000
0000
0000
0000
1000
2a00
2700
0700
0700
0600
1600
1300
1100
0b00
0600
0100
0100
0700
0400
0100
0000
0100
0000
0000
0800
1800
1900
1100
0f00
0600
1700
0d00
0e00
0800
0c00
0300
0200
0500
0300
0100
0100
0300
0000
0000
0d00
2200
1d00
0d00
0700
0500
1800
1000
1000
0900
0a00
0600
0400
0c00
0600
0100
0000
0100
0000
0000
0800
2800
2900
0b00
0800
0300
1900
1000
0e00
0d00
0d00
0500
0300
0700
0400
0200
0000
0200
0000
0000
0a00
1e00
1c00
0700
0a00
0600
1300
1100
1200
0700
0600
0300
0200
0700
0400
0200
0000
0200
0000
0000
1100
3300
1400
0a00
0900
0300
1200
0800
0c00
0800
0500
0200
0100
0400
0300
0100
0000
0000
0000
0000
0b00
2c00
1d00
0800
0400
0300
0f00
0600
0d00
0800
0800
0300
0100
0400
0200
0000
0000
0000
0000
0000
0d00
2100
1700
0800
0400
0400
1300
0600
0900
0600
0500
0100
0100
0300
0200
0100
0000
0000
0000
0000
0b00
2600
1400
0400
0500
0300
0e00
0c00
1200
0a00
1400
0300
0200
0500
0300
0000
0000
0000
0000
0000
0e00
1a00
1800
0600
0400
0300
0900
0800
0c00
0b00
0d00
0300
0100
0500
0300
0100
0000
0100
0000
0000
0b00
2a00
1a00
0c00
0800
0400
1900
0a00
0a00
0800
1100
0400
0400
0b00
0500
0100
0000
0000
0000
0000
0a00
2e00
1800
0700
0600
0600
1200
0700
0a00
0700
0e00
0500
0500
0a00
0900
0100
0000
0100
0000
0000
0c00
2c00
1a00
1500
0700
0600
0b00
0600
0f00
0900
1000
0300
0200
0c00
0a00
0100
0100
0300
0000
0000
1e00
2e00
2200
0b00
0600
0500
1200
0a00
0d00
0400
0a00
0500
0400
0700
0500
0100
0000
0000
0000
0000
1100
2800
1300
0700
0600
0500
0d00
0e00
0f00
0c00
0700
0400
0300
0600
0400
0100
0100
0100
0000
0000
1600
2900
1800
0800
0600
0900
1200
0b00
0f00
0b00
0e00
0700
0400
0700
0400
0300
0100
0100
0100
0000
0f00
2c00
2200
1100
0c00
0700
1100
0a00
1500
0a00
1100
0400
0400
0a00
0800
0200
0300
0600
0200
0300
0c00
2e00
2100
0e00
0c00
0700
0a00
0a00
1500
1700
1400
0700
0400
0a00
0700
0100
0100
0200
0000
0000
1900
3900
1900
0900
0800
0900
1b00
1000
1700
0d00
1400
0800
0500
0900
0a00
0300
0100
0100
0000
0000
0e00
2a00
1d00
0e00
0400
0f00
2800
3000
2c00
0d00
0e00
0a00
0a00
0e00
0900
0200
0200
0100
0100
0000
0f00
3400
2300
0b00
0a00
0f00
1c00
1b00
1c00
0d00
0b00
0600
0500
0b00
0600
0200
0100
0100
0100
0000
0e00
3000
1600
0f00
0500
0f00
1500
1100
1200
0700
0700
0500
0400
0500
0800
0400
0400
0300
0000
0000
0700
2500
1800
0800
0700
0a00
1e00
1200
2e00
0e00
0a00
0900
0300
0300
0300
0300
0300
0200
0000
0000
0b00
2a00
1800
1600
0d00
1100
1e00
1800
1e00
1200
1200
0800
0300
0500
0200
0100
0100
0200
0000
0000
0f00
2700
1500
1600
0500
0900
1500
1500
2100
0e00
0e00
0600
0200
0500
0300
0100
0000
0100
0000
0000
1500
2b00
1e00
1000
0900
1000
1600
1600
1a00
0d00
0a00
0500
0500
0600
0400
0300
0200
0200
0000
0000
0d00
2a00
2200
0f00
0600
0e00
2a00
1900
2e00
2a00
1600
0c00
0700
0a00
0900
0300
0400
0500
0200
0200
0b00
2b00
1600
0e00
0500
0f00
0f00
1500
2300
1600
0a00
0700
0300
0800
0700
0300
0300
0200
0100
0100
1800
2600
1a00
1200
0700
1700
1300
0b00
1a00
1000
0800
0600
0300
0500
0500
0200
0200
0300
0100
0000
0f00
2500
1900
1000
0400
1300
1400
0f00
1200
0500
0700
0400
0300
0300
0300
0200
0100
0100
0200
0300
0d00
2b00
1500
1300
0500
1100
1000
1000
1000
0900
0500
0100
0200
0700
0400
0100
0100
0200
0100
0100
1900
2200
1800
0f00
0300
0600
0a00
0a00
0800
0700
0500
0300
0400
0500
0200
0100
0000
0100
0000
0000
0d00
2c00
1600
1000
0600
1400
1800
1300
1100
0b00
0400
0400
0100
0200
0300
0200
0000
0100
0000
0000
0f00
3100
1b00
0e00
0400
0b00
1500
0b00
0c00
0a00
0700
0500
0300
0600
0500
0300
0000
0100
0100
0000
0a00
2600
0f00
0f00
0900
0f00
0f00
0800
0b00
0a00
0e00
0900
0200
0600
0500
0200
0000
0200
0000
0000
0d00
2e00
1d00
1000
0600
1200
1100
0d00
0e00
0700
0500
0500
0500
0600
0700
0200
0000
0100
0000
0000
1400
2600
1400
1100
0500
0b00
0e00
0b00
0d00
0e00
0900
0500
0300
0400
0500
0200
0000
0100
0000
0000
0d00
3500
1b00
1200
0b00
1000
0e00
1600
0c00
0c00
0b00
0c00
0800
0800
0600
0400
0100
0100
0000
0000
1000
3b00
1d00
1500
0600
1300
1100
2400
1f00
1100
0f00
0900
0500
0800
0700
0300
0200
0200
0000
0100
0f00
3200
1600
1700
0c00
2000
1800
1c00
1000
1200
0b00
0800
0e00
0c00
0800
0400
0300
0400
0000
0100
0c00
2700
1300
1800
0b00
1100
1c00
2100
1a00
1b00
1300
0f00
0c00
0a00
0a00
0600
0200
0400
0000
0000
1400
2800
1700
1a00
0900
1a00
2800
3300
2200
1300
1200
0700
0a00
0a00
0700
0200
0200
0300
0000
0000
1600
3000
1700
1600
0700
1800
1300
2200
1a00
1900
0b00
0400
0600
0500
0200
0100
0100
0200
0000
0100
0e00
2100
1300
1200
0900
0a00
1200
1400
0b00
0d00
0400
0300
0200
0500
0200
0200
0000
0000
0000
0000
0a00
2b00
1a00
1400
0400
0800
1d00
1800
0b00
0600
0500
0400
0400
0500
0200
0100
0000
0000
0000
0000
0f00
2e00
1e00
1900
0400
0a00
1100
1800
1200
0800
0400
0100
0700
0b00
0300
0200
0100
0300
0100
0100
0a00
2d00
1c00
0f00
0400
0f00
1500
1d00
1700
0e00
0500
0500
0a00
0c00
0400
0300
0100
0200
0000
0100
0a00
2700
2400
2300
0800
0900
1300
1800
2000
0e00
0800
0600
0a00
0e00
0500
0300
0000
0300
0000
0100
0e00
2600
1a00
1400
0900
1200
1700
2400
1800
1300
0800
0700
0e00
1300
0900
0600
0300
0600
0000
0200
1400
3900
1e00
1f00
0a00
0d00
2600
2300
1e00
1100
0d00
0a00
1000
1c00
0e00
0600
0100
0300
0200
0200
0c00
2700
1f00
1a00
0900
1000
2500
2800
1e00
1500
0a00
0a00
1300
1b00
0900
0700
0200
0200
0000
0100
0f00
2a00
2100
1200
0b00
0d00
1800
2300
3100
1300
1100
0600
0a00
1600
0600
0500
0200
0100
0000
0000
0c00
2f00
1e00
1300
0900
1000
1a00
1000
1400
0c00
0900
0500
0b00
1b00
0700
0400
0200
0100
0000
0100
1100
2900
1d00
1700
0800
1300
1300
2400
1600
1000
0900
0300
0800
0e00
0400
0400
0200
0000
0000
0100
0e00
2a00
2a00
1f00
0600
1300
1e00
1b00
1500
0c00
0c00
0400
0600
0f00
0500
0400
0200
0000
0000
0100
0e00
0c00
1000
1200
0200
0300
0d00
0a00
0700
0500
0100
0000
0300
0700
0200
0100
0000
0000
0000
0000
0900
0600
0400
0300
0000
0000
0000
0100
0100
0000
0000
0000
0000
0100
0000
0000
0000
0000
0000
0000
0600
0500
0200
0200
0000
0000
0000
0000
0000
0000
0000
0000
0000
0000
0000
0000
0000
0000
0000
0000
0600
0400
0300
0100
0000
0000
0000
0000
0000
0000
0000
0000
0000
0000
0000
0000
0000
0000
0000
0000
0900
0100
0000
0100
0000
0000
0000
0100
0000
0000
0000
0000
0000
0000
0000
0000
0000
0000
0000
0000
0800
0300
0300
0100
0100
0000
0000
0000
0000
0000
0000
0000
0000
0000
0000
0000
0000
0000
0000
0000
0700
0300
0100
0000
0000
0000
0000
0000
0000
0000
0000
0000
0000
0000
0000
0000
0000
0000
0000
0000
0a00
0200
0100
0000
0000
0000
0000
0000
0000
0000
0000
0000
0000
0000
0000
0000
0000
0000
0000
0000
0600
0400
0200
0000
0000
0000
0000
0000
0000
0000
0000
0000
0000
0000
0000
0000
0000
0000
0000
0000
0700
0100
0000
0000
0000
0000
0000
0000
0000
0000
0000
0000
0000
0000
0000
0000
0000
0000
0000
0000
0c00
0300
0300
0100
0000
0000
0100
0000
0000
0000
0000
0000
0000
0000
0000
0000
0000
0000
0000
0000
0700
0300
0100
0000
0100
0000
0000
0000
0000
0000
0000
0000
0000
0000
0000
0000
0000
0000
0000
0000
0b00
0600
0300
0000
0100
0000
0000
0000
0000
0000
0000
0000
0000
0000
0000
0000
0000
0000
0000
0000
0600
0300
0300
0100
0000
0000
0000
0000
0000
0000
0000
0000
0000
0000
0000
0000
0000
0000
0000
0000
0800
0200
0000
0000
0000
0000
0000
0000
0000
0000
0000
0000
0000
0000
0000
0000
0000
0000
0000
0000
0f00
0300
0000
0000
0100
0000
0000
0000
0000
0000
0000
0000
0000
0000
0000
0000
0000
0000
0000
0000
1400
0500
0300
0000
0000
0000
0000
0000
0000
0000
0000
0000
0000
0000
0000
0000
0000
0000
0000
0000
0f00
0500
0100
0100
0000
0000
0000
0000
0000
0000
0000
0000
0000
0000
0000
0000
0000
0000
0000
0000
0d00
0300
0300
0000
0000
0000
0000
0000
0000
0000
0000
0000
0000
0000
0000
0000
0000
0000
0000
0000
1200
0700
0400
0000
0000
0000
0000
0000
0000
0000
0000
0000
0000
0000
0000
0000
0000
0000
0000
0000
0e00
0400
0100
0000
0000
0000
0000
0000
0000
0000
0000
0000
0000
0000
0000
0000
0000
0000
0000
0000
0a00
0500
0200
0000
0000
0000
0000
0000
0000
0000
0000
0000
0000
0000
0000
0000
0000
0000
0000
0000
0c00
0200
0200
0000
0000
0000
0000
0000
0000
0000
0000
0000
0000
0000
0000
0000
0000
0000
0000
0000
1000
0400
0300
0000
0000
0000
0000
0000
0000
0000
0000
0000
0000
0000
0000
0000
0000
0000
0000
0000
0700
0300
0100
0000
0100
0000
0000
0000
0000
0000
0000
0000
0000
0000
0000
0000
0000
0000
0000
0000
0400
0200
0200
0100
0000
0000
0000
0100
0000
0000
0000
0000
0000
0000
0000
0000
0000
0000
0000
0000
0800
0300
0200
0000
0000
0000
0000
0000
0000
0000
0000
0000
0000
0000
0000
0000
0000
0000
0000
0000
0600
0200
0200
0000
0000
0000
0000
0000
0000
0000
0000
0000
0000
0000
0000
0000
0000
0000
0000
0000
0f00
0400
0200
0000
0000
0000
0000
0000
0000
0000
0000
0000
0000
0000
0000
0000
0000
0000
0000
0000
0500
0300
0200
0100
0000
0000
0000
0000
0000
0000
0000
0000
0000
0000
0000
0000
0000
0000
0000
0000
0b00
0200
0100
0000
0000
0000
0000
0000
0000
0000
0000
0000
0000
0000
0000
0000
0000
0000
0000
0000
0600
0400
0200
0000
0000
0000
0000
0000
0000
0000
0000
0000
0000
0000
0000
0000
0000
0000
0000
0000
0500
0200
0100
0000
0000
0000
0000
0000
0000
0000
0000
0000
0000
0000
0000
0000
0000
0000
0000
0000
0700
0300
0100
0100
0000
0000
0000
0000
0000
0000
0000
0000
0000
0000
0000
0000
0000
0000
0000
0000
