1200
0600
0800
0100
0100
0200
0400
0400
0300
0000
0000
0000
0000
0000
0000
0000
0000
0000
0000
0000
0f00
0600
0900
0100
0100
0200
0400
0400
0300
0000
0100
0000
0000
0000
0000
0000
0000
0000
0000
0000
1300
0900
0900
0100
0000
0100
0400
0300
0200
0000
0000
0000
0000
0000
0000
0000
0000
0000
0000
0000
0e00
0c00
0b00
0200
0000
0100
0500
0300
0200
0100
0100
0000
0000
0000
0000
0000
0000
0000
0000
0000
0d00
0900
0a00
0200
0100
0300
0600
0200
0100
0000
0200
0000
0000
0000
0000
0000
0000
0000
0000
0000
1200
0e00
0e00
0100
0200
0400
0600
0400
0200
0000
0000
0000
0000
0000
0000
0000
0000
0000
0000
0000
0d00
1000
0f00
0300
0100
0400
0800
0600
0300
0100
0100
0000
0000
0000
0000
0000
0000
0000
0000
0000
0f00
1200
1000
0200
0100
0300
0300
0300
0400
0000
0000
0000
0100
0200
0000
0000
0000
0000
0000
0000
0f00
0e00
0e00
0100
0200
0300
0900
0400
0200
0200
0200
0100
0100
0100
0000
0000
0000
0000
0000
0000
0c00
1400
1500
0800
0400
0300
0a00
0f00
0b00
0400
0300
0000
0100
0100
0000
0000
0000
0000
0000
0000
0f00
1500
1500
0400
0400
0600
0d00
0e00
0900
0300
0300
0100
0000
0100
0000
0000
0000
0000
0000
0000
1000
1c00
1500
0600
0200
0600
0c00
0d00
0f00
0400
0300
0100
0100
0200
0000
0000
0000
0000
0000
0000
1300
1e00
1900
0b00
0700
0400
0800
0d00
0c00
0800
0700
0200
0100
0500
0000
0000
0000
0000
0000
0000
0a00
1e00
2100
0d00
0500
0d00
1700
1d00
1a00
0900
0500
0400
0700
0900
0000
0000
0000
0000
0000
0000
0b00
1a00
1f00
0c00
0700
0700
0c00
0e00
0f00
0600
0300
0200
0400
0700
0100
0000
0000
0000
0000
0000
1300
1900
1a00
0900
0900
0900
0f00
1400
1000
0800
0400
0200
0300
0300
0000
0000
0000
0000
0000
0000
1300
1d00
1900
0c00
0700
0900
0e00
1200
1000
0400
0100
0400
0400
0300
0000
0000
0000
0000
0000
0000
1300
1500
0e00
0600
0900
0300
1a00
1b00
2000
0500
0500
0200
0600
0700
0100
0000
0000
0000
0000
0000
1700
1800
1d00
0800
0600
0100
0b00
1b00
1700
0a00
0700
0200
0500
0700
0100
0000
0000
0000
0000
0000
0d00
1c00
1900
0b00
0600
0400
1000
1800
1200
0400
0500
0200
0400
0600
0100
0000
0000
0000
0000
0000
0a00
1700
1500
0a00
0700
0600
0f00
1900
1500
0400
0400
0300
0400
0400
0000
0000
0000
0000
0000
0000
0a00
1d00
1700
0d00
0b00
0500
0500
1800
1800
0b00
0700
0400
0600
0400
0000
0000
0000
0000
0000
0000
0800
1d00
1900
0d00
0c00
0700
1500
1a00
1400
0900
0900
0300
0400
0700
0100
0000
0000
0000
0000
0000
1100
2000
1e00
0c00
0f00
0500
0d00
1b00
1f00
0700
0500
0600
0400
0500
0000
0000
0000
0000
0000
0000
0a00
2000
2400
0f00
0c00
0700
1d00
2000
2100
0700
0600
0500
0700
0700
0100
0000
0000
0000
0000
0000
0d00
1900
1f00
1100
1700
0800
1c00
1f00
2700
0700
0200
0100
0400
0400
0000
0000
0000
0000
0000
0000
0c00
1b00
1500
0e00
1400
0900
1300
2700
2700
0800
0500
0400
0300
0500
0100
0000
0000
0000
0000
0000
1300
1d00
1900
0b00
0700
0300
1600
2700
2e00
1000
0700
0100
0100
0200
0000
0000
0000
0000
0000
0000
1200
1800
1100
0800
0600
0400
0c00
2500
2200
0e00
0600
0200
0300
0500
0000
0000
0000
0000
0000
0000
0f00
1700
1300
0500
0900
0400
0c00
1900
1600
0b00
0500
0200
0100
0300
0000
0000
0000
0000
0000
0000
0f00
1000
0d00
0500
0400
0300
0200
1200
1600
0700
0300
0100
0100
0400
0000
0000
0000
0000
0000
0000
0f00
0b00
0600
0200
0300
0100
0200
0500
0500
0400
0100
0000
0000
0000
0000
0000
0000
0000
0000
0000
0d00
0600
0300
0100
0100
0200
0400
0300
0400
0100
0000
0000
0000
0000
0000
0000
0000
0000
0000
0000
0c00
0300
0200
0100
0000
0000
0000
0000
0100
0100
0000
0000
0000
0000
0000
0000
0000
0000
0000
0000
1500
0600
0300
0100
0000
0000
0000
0000
0000
0000
0000
0000
0000
0000
0000
0000
0000
0000
0000
0000
1500
0300
0300
0200
0200
0100
0100
0000
0000
0000
0000
0000
0000
0000
0000
0000
0000
0000
0000
0000
1500
0600
0300
0100
0100
0000
0000
0000
0000
0000
0000
0000
0000
0000
0000
0000
0000
0000
0000
0000
0f00
0300
0200
0100
0000
0000
0000
0000
0000
0000
0000
0000
0000
0000
0000
0000
0000
0000
0000
0000
0900
0300
0300
0000
0000
0000
0000
0000
0000
0000
0000
0000
0000
0000
0000
0000
0000
0000
0000
0000
1700
0300
0100
0200
0000
0000
0000
0000
0000
0000
0000
0000
0000
0000
0000
0000
0000
0000
0000
0000
0c00
0400
0200
0000
0000
0000
0000
0000
0000
0000
0000
0000
0000
0000
0000
0000
0000
0000
0000
0000
0c00
0400
0100
0000
0000
0000
0000
0000
0000
0000
0000
0000
0000
0000
0000
0000
0000
0000
0000
0000
0a00
0200
0100
0000
0000
0000
0000
0000
0000
0000
0000
0000
0000
0000
0000
0000
0000
0000
0000
0000
0b00
0300
0100
0100
0000
0000
0000
0000
0000
0000
0000
0000
0000
0000
0000
0000
0000
0000
0000
0000
0a00
0300
0200
0000
0000
0000
0000
0000
0000
0000
0000
0000
0000
0000
0000
0000
0000
0000
0000
0000
0800
0400
0000
0000
0000
0100
0100
0000
0000
0000
0000
0000
0000
0000
0000
0000
0000
0000
0000
0000
1300
0400
0200
0100
0000
0000
0000
0000
0000
0000
0000
0000
0000
0000
0000
0000
0000
0000
0000
0000
0a00
0300
0200
0000
0000
0000
0000
0000
0000
0000
0000
0000
0000
0000
0000
0000
0000
0000
0000
0000
0800
0300
0200
0100
0000
0000
0000
0000
0000
0000
0000
0000
0000
0000
0000
0000
0000
0000
0000
0000
0b00
0200
0200
0100
0000
0000
0000
0000
0000
0000
0000
0000
0000
0000
0000
0000
0000
0000
0000
0000
0e00
0500
0200
0100
0100
0000
0000
0000
0000
0000
0000
0000
0000
0000
0000
0000
0000
0000
0000
0000
0d00
0200
0200
0000
0000
0000
0000
0000
0000
0000
0000
0000
0000
0000
0000
0000
0000
0000
0000
0000
0c00
0600
0200
0100
0000
0000
0000
0000
0000
0000
0000
0000
0000
0000
0000
0000
0000
0000
0000
0000
0500
0200
0200
0000
0000
0000
0100
0000
0000
0000
0000
0000
0000
0000
0000
0000
0000
0000
0000
0000
0900
0400
0100
0100
0100
0000
0000
0000
0000
0000
0000
0000
0000
0000
0000
0000
0000
0000
0000
0000
0500
0300
0100
0000
0100
0000
0000
0000
0000
0000
0000
0000
0000
0000
0000
0000
0000
0000
0000
0000
0800
0200
0100
0100
0000
0000
0000
0000
0000
0000
0000
0000
0000
0000
0000
0000
0000
0000
0000
0000
0a00
0400
0100
0000
0000
0000
0000
0000
0000
0000
0000
0000
0000
0000
0000
0000
0000
0000
0000
0000
0900
0200
0200
0000
0000
0000
0000
0000
0000
0000
0000
0000
0000
0000
0000
0000
0000
0000
0000
0000
0b00
0400
0100
0000
0000
0000
0000
0000
0000
0000
0000
0000
0000
0000
0000
0000
0000
0000
0000
0000
1100
0300
0300
0100
0000
0000
0000
0100
0000
0000
0000
0000
0000
0000
0000
0000
0000
0000
0000
0000
0f00
0300
0200
0000
0000
0000
0000
0000
0000
0000
0000
0000
0000
0000
0000
0000
0000
0000
0000
0000
0800
0200
0100
0100
0200
0000
0000
0000
0000
0000
0000
0000
0000
0000
0000
0000
0000
0000
0000
0000
0800
0200
0000
0000
0100
0000
0000
0000
0000
0000
0000
0000
0000
0000
0000
0000
0000
0000
0000
0000
1400
0300
0400
0300
0000
0000
0000
0000
0000
0000
0000
0000
0000
0000
0000
0000
0000
0000
0000
0000
1100
0500
0100
0100
0000
0000
0000
0000
0000
0000
0000
0000
0000
0000
0000
0000
0000
0000
0000
0000
0d00
0500
0100
0100
0100
0100
0000
0000
0100
0000
0000
0000
0000
0000
0000
0000
0000
0000
0000
0000
0c00
0200
0000
0000
0100
0000
0000
0000
0000
0000
0000
0000
0000
0000
0000
0000
0000
0000
0000
0000
1200
0500
0000
0000
0000
0000
0000
0000
0000
0000
0000
0000
0000
0000
0000
0000
0000
0000
0000
0000
0d00
0400
0200
0100
0100
0000
0000
0000
0000
0000
0000
0000
0000
0000
0000
0000
0000
0000
0000
0000
0c00
0400
0100
0000
0000
0000
0000
0000
0000
0000
0000
0000
0000
0000
0000
0000
0000
0000
0000
0000
0a00
0200
0100
0100
0000
0000
0000
0000
0000
0000
0000
0000
0000
0000
0000
0000
0000
0000
0000
0000
1200
0500
0200
0000
0000
0000
0000
0000
0000
0000
0000
0000
0000
0000
0000
0000
0000
0000
0000
0000
1000
0400
0100
0000
0000
0000
0000
0000
0000
0000
0000
0000
0000
0000
0000
0000
0000
0000
0000
0000
0b00
0200
0100
0100
0000
0000
0000
0000
0000
0000
0000
0000
0000
0000
0000
0000
0000
0000
0000
0000
0d00
0300
0200
0000
0000
0200
0000
0000
0000
0000
0000
0000
0000
0000
0000
0000
0000
0000
0000
0000
0800
0200
0100
0200
0000
0000
0000
0000
0000
0000
0000
0000
0000
0000
0000
0000
0000
0000
0000
0000
0500
0300
0200
0000
0000
0000
0000
0000
0000
0000
0000
0000
0000
0000
0000
0000
0000
0000
0000
0000
0b00
0200
0000
0000
0100
0100
0000
0000
0000
0000
0000
0000
0000
0000
0000
0000
0000
0000
0000
0000
0800
0500
0100
0000
0000
0000
0000
0000
0000
0000
0000
0000
0000
0000
0000
0000
0000
0000
0000
0000
0500
0200
0000
0000
0000
0000
0000
0000
0000
0000
0000
0000
0000
0000
0000
0000
0000
0000
0000
0000
0700
0200
0100
0000
0000
0000
0000
0000
0000
0000
0000
0000
0000
0000
0000
0000
0000
0000
0000
0000
0d00
0300
0100
0000
0000
0000
0000
0000
0100
0000
0000
0000
0000
0000
0000
0000
0000
0000
0000
0000
0e00
0600
0200
0000
0100
0000
0100
0100
0200
0100
0000
0000
0000
0000
0000
0000
0000
0000
0000
0000
0700
0500
0400
0200
0200
0000
0100
0300
0000
0000
0000
0000
0000
0000
0000
0000
0000
0000
0000
0000
0700
0600
0600
0000
0000
0100
0200
0400
0900
0500
0300
0100
0000
0000
0000
0000
0000
0000
0000
0000
0900
0300
0600
0200
0200
0100
0200
0500
0500
0200
0200
0000
0000
0000
0000
0000
0000
0000
0000
0000
0700
0500
0500
0200
0300
0100
0300
0f00
0e00
0a00
0500
0100
0000
0000
0100
0000
0000
0000
0000
0000
1800
0900
0900
0200
0200
0200
0500
0d00
1500
0b00
0800
0300
0100
0300
0000
0000
0000
0000
0000
0000
0b00
0a00
0c00
0400
0500
0500
0800
0c00
1300
0c00
0700
0100
0000
0100
0000
0000
0000
0000
0000
0000
1000
0d00
0d00
0500
0400
0500
0700
1f00
2100
1000
0600
0200
0100
0000
0000
0000
0000
0000
0000
0000
1100
0d00
1000
0500
0500
0300
0a00
1600
2700
0d00
0700
0200
0300
0200
0100
0000
0000
0000
0000
0000
1400
1200
1200
0500
0700
0900
0c00
1c00
2400
1500
1100
0300
0300
0300
0000
0000
0000
0000
0000
0000
1000
1600
1400
0b00
0d00
0300
0900
0f00
1700
1100
0b00
0800
0600
0500
0100
0000
0000
0000
0000
0000
0f00
1600
1600
0800
0a00
0800
0a00
0a00
1100
1b00
0f00
0300
0500
0500
0200
0000
0000
0000
0000
0000
0700
1900
1700
0c00
0b00
0600
0e00
1300
1700
1500
0e00
0300
0300
0300
0100
0000
0000
0000
0000
0000
1100
1a00
1700
0700
0400
0700
1b00
1b00
2800
1a00
0f00
0300
0200
0500
0200
0000
0000
0000
0000
0000
0c00
1900
1700
0d00
0a00
0400
1100
2200
2b00
2300
1900
0c00
0500
0600
0100
0000
0000
0000
0000
0000
1200
1a00
1400
0a00
0b00
0900
1300
1c00
2400
1400
0c00
0800
0600
0b00
0200
0000
0000
0000
0000
0000
0d00
1d00
1300
1200
1b00
0f00
1100
0e00
1300
1100
0d00
0600
0600
0900
0100
0000
0000
0000
0000
0000
1200
1b00
1200
1500
1e00
0900
0f00
1c00
2c00
1400
1100
0500
0200
0500
0200
0000
0000
0000
0000
0000
1000
2100
0f00
0a00
1100
0a00
1100
1400
1800
1d00
0e00
0600
0400
0900
0400
0000
0000
0000
0000
0000
