0c00
0500
0300
0100
0100
0000
0100
0200
0300
0100
0200
0300
0000
0200
0100
0000
0000
0000
0000
0000
1100
0800
0200
0000
0100
0100
0100
0100
0200
0200
0100
0200
0000
0300
0600
0000
0000
0000
0000
0000
0e00
0400
0300
0300
0200
0000
0100
0200
0100
0600
0100
0100
0100
0400
0b00
0000
0000
0000
0000
0000
0d00
0200
0300
0100
0100
0100
0100
0100
0000
0100
0200
0000
0000
0300
0b00
0800
0000
0000
0000
0000
1400
0600
0400
0100
0100
0200
0000
0200
0100
0400
0200
0000
0100
0400
0900
0600
0000
0000
0000
0000
0b00
0500
0200
0200
0100
0000
0000
0200
0400
0300
0100
0000
0100
0200
0100
0200
0000
0000
0000
0000
0e00
0300
0200
0200
0000
0100
0100
0000
0300
0200
0100
0100
0100
0300
0200
0100
0000
0000
0000
0000
1300
0600
0200
0100
0000
0100
0200
0100
0200
0100
0100
0000
0200
0400
0300
0000
0000
0000
0000
0000
0f00
0300
0200
0000
0000
0000
0000
0000
0100
0200
0000
0100
0200
0100
0100
0000
0000
0000
0000
0000
0f00
0500
0300
0000
0100
0100
0100
0000
0300
0100
0300
0100
0100
0000
0000
0000
0000
0000
0000
0000
1500
0500
0200
0000
0000
0000
0200
0100
0300
0100
0000
0000
0100
0000
0100
0000
0000
0000
0000
0000
1000
0300
0300
0100
0000
0100
0100
0000
0200
0100
0000
0000
0000
0000
0100
0000
0000
0000
0000
0000
0e00
0600
0200
0100
0100
0100
0100
0200
0300
0100
0000
0000
0000
0100
0100
0000
0000
0000
0000
0000
0f00
0300
0200
0100
0000
0000
0300
0100
0600
0300
0000
0000
0000
0200
0100
0000
0000
0000
0000
0000
1200
0400
0200
0100
0100
0000
0000
0100
0100
0200
0000
0000
0000
0200
0100
0000
0000
0000
0000
0000
0d00
0300
0100
0100
0100
0000
0300
0300
0300
0200
0100
0000
0000
0200
0100
0000
0000
0000
0000
0000
1300
0300
0100
0400
0200
0100
0000
0200
0200
0100
0000
0000
0000
0000
0100
0000
0000
0000
0000
0000
1000
0500
0300
0000
0000
0000
0000
0300
0300
0400
0100
0000
0000
0200
0200
0100
0000
0000
0000
0000
1300
0300
0200
0100
0000
0000
0000
0200
0200
0500
0300
0000
0100
0200
0100
0000
0000
0000
0000
0000
1100
0300
0300
0100
0000
0000
0000
0200
0400
0100
0000
0000
0100
0400
0200
0000
0000
0000
0000
0000
1000
0300
0400
0000
0000
0000
0000
0000
0200
0400
0100
0000
0000
0100
0200
0100
0000
0000
0000
0000
1200
0600
0300
0300
0100
0100
0100
0000
0200
0200
0000
0000
0000
0300
0300
0000
0000
0000
0000
0000
1100
0200
0100
0200
0100
0200
0300
0100
0100
0100
0100
0000
0000
0200
0100
0000
0000
0000
0000
0000
0f00
0400
0200
0000
0100
0100
0200
0000
0200
0000
0000
0000
0100
0300
0200
0000
0000
0000
0000
0000
0e00
0100
0300
0100
0000
0200
0300
0000
0000
0100
0000
0000
0000
0100
0100
0000
0000
0000
0000
0000
0e00
0300
0200
0000
0000
0000
0100
0100
0000
0100
0000
0000
0600
1500
0100
0000
0000
0000
0000
0000
0d00
0200
0100
0000
0000
0100
0100
0000
0200
0100
0000
0000
0700
ee00
4e00
0200
0000
0000
0000
0000
0800
0300
0200
0300
0100
0000
0000
0000
0100
0100
0100
0000
0900
4600
4300
4300
1700
0100
0000
0000
1600
0700
0400
0100
0100
0000
0000
0000
0200
0200
0100
0100
0600
3100
2200
1300
0400
0000
0000
0000
0b00
0400
0100
0000
0000
0100
0200
0000
0100
0100
0000
0000
0100
1800
1400
0800
0300
0000
0000
0000
1200
0500
0200
0200
0100
0100
0100
0200
0100
0000
0000
0100
1e00
1200
0700
0200
0000
0000
0000
0000
0e00
0300
0200
0200
0100
0100
0000
0000
0000
0200
0100
0100
2c00
1800
0500
0200
0000
0000
0000
0000
1400
0600
0500
0200
0100
0100
0200
0200
0200
0200
0200
0200
3600
1800
0300
0100
0000
0000
0000
0000
0900
0200
0100
0000
0000
0000
0200
0100
0300
0100
0000
0100
1600
0800
0200
0000
0000
0000
0000
0000
1100
0400
0200
0000
0000
0000
0200
0000
0100
0000
0000
0100
1400
1c00
2900
4700
2a00
0a00
0000
0000
1000
0500
0000
0100
0100
0100
0100
0000
0100
0200
0100
0100
1100
4c00
6400
4d00
0800
0200
0000
0000
0f00
0400
0300
0000
0000
0000
0200
0100
0100
0100
0100
0100
1300
6800
7500
6100
0500
0000
0100
0000
0a00
0300
0200
0200
0200
0000
0000
0000
0000
0000
0100
0000
0c00
4d00
8000
4f00
0300
0000
0000
0000
1500
0400
0200
0100
0100
0300
0100
0000
0300
0100
0100
0000
0800
2600
3d00
2d00
0100
0000
0000
0000
0800
0200
0100
0000
0000
0000
0000
0000
0100
0000
0000
0000
0200
5c00
ad00
1100
0000
0000
0000
0000
1100
0000
0000
0000
0000
0000
0000
0000
0000
0000
0000
0000
0000
9c00
9700
0c00
0000
0000
0000
0000
0b00
0400
0200
0100
0200
0100
0200
0100
0200
0200
0200
0200
0300
3600
2e00
0300
0000
0000
0000
0000
0f00
0200
0100
0200
0100
0100
0200
0000
0100
0000
0000
0000
0100
2c00
2000
0100
0000
0000
0000
0000
0b00
0400
0400
0200
0200
0100
0200
0100
0000
0200
0100
0100
0600
1700
0e00
0100
0000
0000
0000
0000
1600
0500
0200
0200
0100
0100
0100
0100
0300
0200
0200
0200
1200
5700
5b00
1900
0600
0200
0000
0000
0900
0300
0100
0000
0000
0000
0000
0100
0300
0300
0200
0100
2000
c000
3900
1a00
0100
0000
0000
0000
0e00
0000
0000
0000
0000
0000
0000
0000
0100
0000
0000
0000
1000
d800
3200
0900
0000
0000
0000
0000
0700
0100
0000
0000
0000
0000
0000
0000
0000
0100
0000
0000
0600
ce00
2d00
0800
0000
0000
0000
0000
1000
0400
0200
0200
0200
0000
0000
0100
0100
0300
0100
0100
0d00
4f00
3a00
2f00
0000
0000
0000
0000
1000
0500
0100
0000
0000
0000
0000
0000
0000
0100
0000
0000
2400
c700
5f00
1800
0000
0000
0000
0000
1500
0400
0100
0100
0200
0100
0000
0000
0200
0100
0000
0100
2500
5500
2c00
0e00
0100
0100
0000
0000
0900
0400
0200
0100
0100
0000
0100
0100
0200
0200
0100
0100
1400
2f00
1700
0500
0000
0000
0000
0000
1100
0400
0200
0100
0100
0200
0000
0100
0200
0200
0100
0100
0a00
1900
0c00
0400
0000
0800
0a00
0000
0d00
0500
0400
0100
0100
0000
0200
0200
0200
0200
0100
0100
0700
0b00
0700
0100
0000
0700
1100
0c00
1000
0400
0200
0200
0200
0000
0000
0200
0100
0100
0200
0000
0400
0900
0400
0000
0000
0500
0a00
0b00
0900
0200
0300
0300
0300
0100
0400
0200
0300
0800
0300
0000
0500
0700
0100
0000
0000
0100
0300
0c00
1700
0500
0500
0200
0100
0000
0300
0200
0100
0700
0300
0000
0200
0700
0100
0000
0000
0100
0100
0500
0800
0200
0300
0200
0100
0100
0100
0100
0300
0200
0000
0000
0100
0400
0100
0000
0200
0200
0000
0200
1000
0500
0100
0200
0200
0100
0100
0000
0100
0300
0100
0100
0000
0400
0200
0000
0300
0700
0500
0300
1300
0600
0100
0000
0100
0100
0100
0100
0300
0100
0000
0000
0100
0600
0200
0000
0100
0100
0200
0300
1500
0400
0200
0100
0200
0100
0100
0100
0100
0000
0100
0000
0000
0200
0100
0000
0100
0000
0000
0200
0c00
0300
0300
0100
0100
0000
0100
0000
0100
0100
0100
0000
0000
0300
0200
0000
0000
0000
0000
0100
1200
0400
0300
0200
0200
0100
0100
0000
0100
0100
0100
0000
0000
0200
0200
0000
0000
0000
0000
0000
0900
0300
0200
0100
0100
0000
0100
0200
0100
0100
0000
0000
0000
0200
0100
0000
0000
0000
0000
0000
0f00
0400
0200
0300
0200
0000
0100
0200
0200
0100
0100
0000
0000
0400
0200
0000
0000
0000
0000
0000
0f00
0400
0300
0200
0100
0100
0000
0100
0100
0000
0000
0000
0100
0400
0100
0000
0000
0000
0000
0000
1200
0300
0300
0100
0200
0000
0200
0300
0200
0100
0100
0100
0100
0400
0100
0000
0000
0000
0000
0000
0d00
0500
0200
0200
0100
0000
0000
0100
0000
0000
0000
0000
0000
0300
0000
0000
0000
0000
0000
0000
1100
0300
0300
0100
0100
0100
0000
0200
0400
0300
0200
0000
0100
0200
0100
0000
0000
0000
0000
0000
0d00
0400
0200
0200
0100
0100
0100
0100
0300
0200
0100
0000
0200
0200
0000
0000
0000
0000
0000
0000
1400
0500
0300
0200
0200
0000
0200
0000
0000
0100
0100
0000
0000
0500
0100
0000
0000
0000
0000
0000
1000
0500
0500
0100
0100
0000
0100
0100
0300
0100
0000
0000
0100
0300
0100
0000
0000
0000
0000
0000
1400
0500
0200
0100
0100
0000
0000
0100
0300
0100
0100
0000
0000
0200
0400
0000
0000
0000
0000
0000
0c00
0500
0300
0100
0100
0100
0200
0100
0300
0100
0100
0000
0000
0200
0300
0100
0000
0000
0000
0000
0f00
0200
0100
0100
0100
0000
0000
0100
0100
0100
0000
0000
0100
0600
0300
0100
0000
0000
0000
0000
0a00
0500
0300
0200
0000
0000
0000
0100
0100
0100
0000
0000
0000
0400
0600
0200
0000
0000
0000
0000
1000
0400
0300
0000
0000
0100
0000
0100
0000
0300
0100
0000
0100
0c00
0800
0000
0000
0000
0000
0000
1000
0400
0200
0000
0200
0200
0000
0000
0100
0100
0000
0000
0000
0900
0400
0000
0000
0000
0000
0000
1400
0300
0200
0000
0100
0300
0000
0000
0000
0100
0100
0000
0000
0700
0600
0000
0000
0000
0000
0000
0800
0200
0400
0200
0200
0100
0100
0000
0000
0200
0700
0200
0000
0300
0300
0000
0000
0000
0000
0000
1500
0300
0100
0100
0000
0000
0000
0200
0200
0100
0200
0100
0100
0300
0100
0000
0000
0000
0000
0000
0f00
0200
0200
0000
0000
0000
0100
0100
0100
0100
0000
0000
0000
0100
0000
0100
0000
0000
0000
0000
0c00
0400
0300
0100
0100
0100
0400
0500
0400
0300
0100
0100
0000
0000
0000
0000
0000
0000
0000
0000
0c00
0300
0200
0300
0300
0100
0100
0200
0100
0100
0000
0000
0100
0100
0000
0000
0000
0000
0000
0000
1400
0600
0300
0200
0200
0200
0300
0200
0200
0000
0100
0000
0000
0000
0000
0000
0000
0000
0000
0000
0900
0300
0300
0100
0100
0000
0000
0100
0000
0300
0100
0000
0000
0000
0000
0000
0000
0000
0000
0000
1300
0600
0300
0200
0200
0300
0000
0100
0200
0200
0000
0000
0000
0100
0000
0000
0000
0000
0000
0000
0d00
0400
0300
0400
0100
0100
0200
0000
0100
0100
0100
0000
0100
0400
0100
0000
0000
0000
0000
0000
0f00
0400
0200
0200
0300
0200
0000
0200
0100
0100
0000
0000
0000
0100
0000
0000
0000
0000
0000
0000
1100
0200
0200
0200
0200
0100
0200
0200
0300
0100
0100
0000
0000
0300
0100
0000
0000
0000
0000
0000
1400
0600
0200
0200
0200
0100
0000
0100
0200
0100
0100
0000
0000
0100
0000
0000
0000
0000
0000
0100
1000
0900
0500
0100
0100
0000
0100
0200
0100
0200
0600
0400
0000
0100
0000
0100
0000
0000
0000
0000
0f00
0400
0200
0100
0200
0000
0200
0100
0100
0100
0200
0300
0400
0500
0000
0100
0000
0000
0000
0000
1300
0500
0100
0000
0100
0000
0200
0000
0000
0000
0200
0500
0900
0600
0100
0000
0000
0000
0000
0000
1200
0300
0000
0200
0100
0100
0100
0000
0200
0400
0600
0700
0500
0500
0100
0000
0000
0000
0000
0000
0800
0600
0300
0100
0000
0200
0300
0300
0200
0300
0300
0100
0000
0200
0100
0000
0000
0000
0000
0000
1200
0300
0300
0200
0200
0100
0200
0300
0200
0200
0100
0000
0000
0200
0500
0400
0000
0000
0000
0000
0b00
0300
0300
0100
0100
0200
0300
0100
0000
0000
0100
0200
0300
1100
0a00
0000
0000
0000
0000
0000
1600
0200
0000
0300
0200
0100
0200
0200
0000
0100
0100
0600
0b00
0f00
0500
0000
0000
0000
0100
0000
0c00
0300
0200
0200
0200
0000
0100
0000
0100
0000
0100
0300
1300
0700
0300
0000
0000
0000
0000
0000
0e00
0300
0300
0200
0200
0100
0000
0100
0300
0200
0100
0100
0900
0600
0100
0000
0000
0000
0000
0000
1400
0200
0200
0100
0000
0100
0200
0000
0200
0100
0000
0000
0500
0900
0400
0000
0000
0000
0000
0000
