0b00
1a00
0a00
0b00
0500
0500
0700
0500
0800
0400
0500
0400
0500
0700
0400
0500
0300
0500
0900
0400
0c00
1700
1100
1100
0900
0800
0800
0600
0b00
0a00
0700
0200
0500
0500
0500
0400
0200
0400
0b00
0c00
0b00
0f00
1300
0400
0200
0900
1700
1100
1600
1100
0a00
0600
0a00
0a00
0400
0700
0500
0800
0f00
0500
0800
0f00
0d00
0400
0600
0800
0a00
0d00
0b00
1c00
0a00
0600
0900
0a00
0500
0600
0500
0500
1300
0800
0c00
0d00
0f00
0400
0600
0800
0f00
0800
0a00
0b00
0900
0600
0700
0600
0300
0500
0500
0800
0e00
0300
0c00
1600
1600
0600
0500
0900
1700
1000
1900
0f00
0b00
0800
0700
0a00
0900
0900
0500
0600
0b00
0400
0700
0700
0900
0400
0500
0700
1600
0600
0700
0a00
0500
0600
0400
0400
0200
0600
0300
0800
1d00
0800
0d00
1600
1b00
0500
0400
0a00
1600
0900
0900
0f00
0c00
0600
0600
0600
0300
0300
0400
0400
0600
0200
0900
1200
1200
0200
0500
0800
1300
1700
2000
1400
1200
0a00
0500
0e00
0b00
0900
0800
0600
1100
0700
0900
0f00
0d00
0300
0100
0400
0a00
0600
0800
0700
0500
0400
0300
0500
0300
0400
0500
0d00
1e00
0600
0c00
0c00
1000
0200
0600
0900
1800
0d00
1600
1200
1600
0b00
0600
0500
0600
0500
0300
0600
0d00
0500
0c00
0c00
0800
0400
0400
0500
1300
0e00
1500
1300
1500
0b00
0a00
0900
0600
0500
0700
0600
1500
0800
0c00
0e00
0800
0400
0200
0500
0700
0a00
1400
0a00
0800
0600
0500
0500
0400
0600
0800
0d00
0e00
0300
0c00
0d00
1100
0800
0600
0800
2600
1000
1500
0f00
0f00
0d00
0c00
1200
0800
0500
0600
0900
0c00
0500
0c00
0f00
0d00
0400
0400
0300
0400
0800
0b00
1000
0d00
0600
0600
0700
0400
0300
0300
0900
1200
0300
0a00
0900
0600
0300
0300
0600
1300
0c00
0b00
0d00
0b00
0700
0600
0400
0400
0a00
0c00
0b00
0800
0300
0c00
1800
1700
0500
0900
0800
1800
1700
1200
1900
1900
1200
0d00
1300
0800
0a00
0800
0700
0e00
0600
0d00
1300
1000
0300
0200
0300
0800
0d00
0c00
0700
0600
0400
0700
0600
0400
0500
0400
0b00
1300
0300
0900
1000
2100
0a00
0500
0900
0f00
1000
1300
1500
1200
0f00
0700
0600
0500
0500
0600
0700
0a00
0300
0600
0b00
1400
0500
0200
0800
0b00
0c00
1200
1e00
1c00
0c00
0800
0700
0500
0600
0300
0600
0a00
0600
