0500
0300
0000
0000
0000
0000
0000
0000
0000
0000
0000
0000
0000
0000
0000
0000
0000
0000
0000
0000
0b00
0400
0100
0100
0000
0100
0000
0000
0000
0000
0000
0000
0000
0000
0000
0000
0000
0000
0000
0000
0900
0300
0400
0100
0100
0000
0000
0000
0000
0000
0000
0000
0000
0000
0000
0000
0000
0000
0000
0000
1100
0300
0300
0100
0000
0000
0000
0000
0000
0000
0000
0000
0000
0000
0000
0000
0000
0000
0000
0000
0900
0100
0100
0100
0100
0100
0100
0000
0000
0000
0000
0000
0000
0000
0000
0000
0000
0000
0000
0000
0a00
0300
0400
0100
0000
0000
0000
0000
0000
0000
0000
0000
0000
0000
0000
0000
0000
0000
0000
0000
0600
0400
0100
0000
0100
0000
0000
0000
0000
0000
0000
0000
0000
0000
0000
0000
0000
0000
0000
0000
0c00
0300
0300
0100
0000
0100
0000
0000
0000
0000
0000
0000
0000
0000
0000
0000
0000
0000
0000
0000
0600
0300
0100
0000
0000
0100
0100
0200
0000
0000
0000
0000
0000
0000
0000
0000
0000
0000
0000
0000
0900
0400
0400
0100
0000
0000
0000
0000
0000
0000
0000
0000
0000
0000
0000
0000
0000
0000
0000
0000
0b00
0400
0600
0000
0100
0000
0100
0000
0100
0000
0000
0000
0000
0000
0000
0000
0000
0000
0000
0000
1300
0500
0800
0100
0200
0200
0400
0600
0200
0000
0000
0000
0000
0000
0000
0000
0000
0000
0000
0000
0c00
0700
0700
0200
0200
0300
0700
0500
0300
0100
0000
0000
0000
0000
0000
0000
0000
0000
0000
0000
0900
0700
0800
0100
0100
0100
0500
0600
0600
0100
0000
0000
0000
0000
0000
0000
0000
0000
0000
0000
0b00
0900
0a00
0100
0000
0100
0400
0300
0300
0000
0000
0000
0000
0000
0000
0000
0000
0000
0000
0000
0800
0b00
0c00
0300
0100
0100
0300
0200
0300
0100
0000
0000
0000
0000
0000
0000
0000
0000
0000
0000
0a00
0d00
0c00
0300
0200
0300
0500
0500
0300
0000
0100
0100
0000
0000
0000
0000
0000
0000
0000
0000
0d00
0b00
1200
0500
0000
0300
0700
0400
0300
0100
0300
0000
0000
0000
0000
0000
0000
0000
0000
0000
0c00
1100
0c00
0400
0100
0400
0600
0700
0400
0100
0100
0000
0000
0000
0000
0000
0000
0000
0000
0000
0a00
1700
1200
0500
0100
0500
0f00
0800
0300
0100
0100
0100
0000
0100
0000
0000
0000
0000
0000
0000
