0e00
1600
0a00
0600
0200
0000
0000
0300
0400
0200
0200
0000
0000
0000
0000
0000
0000
0000
0000
0000
0c00
0e00
0a00
0400
0200
0300
0400
0100
0300
0000
0100
0100
0000
0000
0000
0000
0000
0000
0000
0000
1000
1400
0600
0500
0300
0200
0100
0400
0400
0200
0100
0000
0000
0000
0000
0000
0000
0000
0000
0000
1100
1b00
0700
0400
0100
0200
0500
0300
0400
0200
0100
0000
0000
0000
0000
0000
0000
0000
0000
0000
0a00
1d00
0b00
0500
0200
0200
0200
0500
0500
0200
0100
0000
0000
0000
0000
0000
0000
0000
0100
0000
0b00
2300
0c00
0800
0100
0100
0100
0100
0300
0200
0100
0000
0000
0000
0000
0000
0000
0000
0000
0000
0f00
1200
0500
0400
0200
0200
0300
0400
0300
0200
0100
0000
0000
0100
0000
0000
0000
0000
0000
0000
0b00
1200
0800
0200
0100
0000
0100
0500
0100
0200
0200
0000
0000
0000
0000
0000
0000
0000
0000
0000
0900
1300
0900
0600
0300
0100
0300
0500
0400
0200
0200
0100
0000
0000
0000
0000
0000
0000
0000
0000
0f00
1300
0500
0300
0200
0100
0100
0100
0200
0400
0200
0000
0000
0000
0000
0000
0000
0000
0000
0000
0e00
1200
0b00
0600
0200
0000
0200
0400
0400
0500
0100
0000
0000
0000
0000
0000
0000
0000
0000
0000
0e00
1d00
0c00
0500
0200
0000
0200
0500
0400
0400
0000
0000
0000
0000
0000
0000
0000
0000
0000
0000
0c00
1c00
0c00
0700
0300
0400
0200
0300
0300
0200
0200
0000
0000
0000
0000
0000
0000
0000
0000
0000
0b00
1100
1000
0900
0300
0100
0300
0200
0200
0400
0200
0000
0000
0000
0000
0000
0000
0000
0000
0000
0c00
1100
0c00
0400
0100
0100
0400
0400
0300
0100
0200
0100
0000
0000
0000
0000
0000
0000
0000
0000
0c00
1500
0900
0800
0200
0100
0300
0600
0400
0100
0100
0000
0000
0000
0000
0000
0000
0000
0000
0000
0e00
1a00
0400
0300
0100
0100
0100
0400
0200
0500
0100
0000
0000
0000
0000
0000
0000
0000
0000
0000
0e00
0d00
0700
0900
0300
0100
0100
0300
0400
0200
0200
0000
0000
0000
0000
0000
0000
0000
0000
0000
0b00
1600
0600
0500
0200
0100
0200
0200
0300
0400
0200
0000
0000
0000
0000
0000
0000
0000
0000
0000
0b00
1300
0500
0400
0100
0100
0200
0200
0200
0200
0100
0000
0000
0000
0000
0000
0000
0000
0000
0000
