0c00
1300
0e00
0600
0400
0700
0c00
0c00
0800
0800
0300
0100
0000
0000
0000
0000
0000
0000
0000
0000
0600
0b00
0700
0300
0400
0500
1200
0d00
0f00
0800
0100
0000
0000
0000
0000
0000
0000
0000
0200
0200
1400
1400
0800
0000
0100
0400
0300
0400
0500
0400
0100
0000
0000
0000
0000
0000
0000
0000
0000
0000
0c00
0e00
0900
0700
0200
0300
0600
0400
0800
0300
0100
0000
0100
0000
0000
0000
0000
0000
0000
0000
1100
1200
0a00
0500
0300
0400
0900
0600
0b00
0500
0200
0000
0100
0100
0100
0000
0000
0000
0100
0100
1600
0b00
0800
0100
0200
0400
0700
0500
0500
0300
0200
0000
0000
0000
0000
0000
0000
0000
0000
0000
0a00
0800
0600
0500
0400
0600
0800
0900
0900
0400
0300
0000
0000
0100
0000
0000
0000
0000
0000
0000
0a00
0800
0800
0500
0200
0400
0600
0600
0700
0500
0500
0100
0000
0000
0000
0000
0000
0000
0200
0100
1300
0c00
0400
0500
0300
0100
0600
0300
0400
0200
0000
0000
0000
0000
0000
0000
0000
0000
0000
0000
0900
0700
0400
0500
0300
0300
0800
0400
0300
0200
0100
0000
0000
0000
0000
0000
0000
0000
0000
0000
0e00
0800
0800
0600
0300
0300
0900
0800
0700
0300
0200
0100
0100
0100
0000
0000
0000
0000
0300
0200
1800
0b00
0700
0300
0200
0300
0800
0300
0500
0200
0100
0100
0000
0100
0000
0000
0000
0000
0000
0000
0e00
0e00
0d00
0400
0200
0200
0500
0700
0700
0400
0200
0000
0000
0000
0000
0000
0000
0000
0000
0000
0a00
0f00
0c00
0400
0200
0200
0900
0400
0100
0200
0200
0200
0000
0100
0000
0000
0000
0000
0300
0200
0c00
0b00
0a00
0400
0300
0300
0b00
0600
0300
0200
0100
0000
0000
0000
0000
0000
0000
0000
0000
0000
1a00
0d00
0b00
0800
0200
0200
0200
0400
0700
0500
0100
0000
0000
0100
0000
0000
0000
0000
0000
0100
0c00
0b00
0800
0600
0300
0200
0600
0600
0600
0300
0300
0100
0000
0000
0000
0000
0000
0000
0300
0100
0b00
0b00
0a00
0700
0300
0300
0300
0500
0400
0300
0200
0100
0100
0100
0000
0000
0000
0000
0000
0000
0d00
0d00
0c00
0700
0300
0100
0400
0100
0300
0400
0100
0000
0000
0000
0000
0000
0000
0000
0000
0000
1000
0e00
0b00
0500
0500
0200
0500
0600
0200
0200
0100
0100
0000
0000
0000
0000
0000
0000
0300
0200
