0e00
0a00
0600
0400
0400
0100
0000
0000
0800
0400
0100
0000
0000
0000
0000
0000
0000
0000
0000
0000
1000
0800
0400
0200
0300
0200
0000
0100
0300
0200
0000
0000
0000
0000
0000
0000
0000
0000
0000
0000
0e00
0900
0200
0000
0100
0100
0300
0300
0400
0400
0300
0000
0000
0000
0000
0000
0000
0000
0000
0000
1300
0b00
0700
0200
0100
0100
0300
0200
0100
0000
0100
0000
0000
0000
0000
0000
0000
0000
0000
0000
0f00
0d00
0700
0200
0100
0000
0000
0100
0200
0300
0100
0000
0000
0000
0000
0000
0000
0000
0000
0000
0b00
0d00
0700
0400
0000
0000
0000
0100
0200
0200
0200
0200
0000
0100
0000
0000
0000
0000
0000
0000
0c00
0800
0600
0200
0200
0100
0000
0100
0500
0e00
0a00
0200
0000
0000
0000
0000
0000
0000
0000
0000
1100
0b00
0800
0500
0400
0100
0400
0500
0b00
0900
0700
0200
0100
0000
0000
0000
0000
0000
0000
0000
0500
0600
0500
0200
0200
0000
0500
0100
0500
0e00
0c00
0400
0200
0000
0000
0000
0000
0000
0000
0000
0b00
0600
0900
0300
0300
0300
0100
0200
0200
0500
0300
0100
0100
0100
0000
0000
0000
0000
0000
0000
0a00
0700
0600
0200
0400
0100
0500
0200
0500
0700
0500
0000
0000
0000
0000
0000
0000
0000
0000
0000
0e00
0900
0600
0300
0200
0300
0100
0400
0300
0300
0100
0000
0000
0000
0000
0000
0000
0000
0000
0000
0800
0c00
0700
0300
0200
0200
0400
0500
0a00
0400
0600
0100
0100
0000
0000
0000
0000
0000
0000
0000
0500
0500
0800
0200
0100
0100
0200
0100
0400
0700
0200
0000
0000
0000
0000
0000
0000
0000
0000
0000
0800
0a00
0700
0300
0100
0100
0100
0100
0200
0400
0200
0100
0000
0000
0000
0000
0000
0000
0000
0000
0700
0700
0600
0400
0200
0000
0300
0600
0700
0600
0100
0000
0000
0000
0000
0000
0000
0000
0000
0000
1400
0b00
0800
0200
0100
0200
0100
0300
0700
0600
0200
0000
0000
0000
0000
0000
0000
0000
0000
0000
0a00
0b00
0700
0400
0200
0100
0200
0200
0300
0200
0100
0000
0000
0000
0000
0000
0000
0000
0000
0000
0a00
0600
0500
0300
0300
0200
0100
0300
0a00
0900
0100
0100
0100
0100
0000
0000
0000
0000
0000
0000
0a00
0800
0500
0300
0200
0200
0200
0200
0300
0400
0100
0000
0100
0000
0000
0000
0000
0000
0000
0000
