1100
0200
0500
0900
0400
0900
0f00
0800
0e00
0800
0400
0100
0000
0100
0000
0000
0000
0000
0000
0000
0e00
0300
0400
0600
0400
0900
1700
0b00
0b00
0b00
0300
0200
0100
0100
0000
0000
0000
0000
0000
0000
0700
0300
0500
0600
0400
0400
0a00
0a00
0d00
0f00
0600
0200
0000
0100
0000
0000
0000
0000
0000
0000
1100
0400
0400
0300
0300
0700
0c00
0700
1300
0a00
0500
0100
0000
0100
0000
0000
0000
0000
0000
0000
0c00
0300
0400
0300
0400
0600
0d00
0b00
0e00
0900
0500
0300
0100
0100
0100
0000
0000
0000
0000
0000
0a00
0400
0400
0400
0400
0500
0e00
0c00
0f00
0c00
0900
0300
0000
0300
0200
0000
0000
0000
0000
0000
0c00
0600
0600
0800
0600
0a00
1000
0b00
0800
0900
0700
0300
0100
0100
0200
0000
0000
0000
0000
0000
1900
0400
0400
0200
0500
0a00
0800
0800
0800
0900
0600
0200
0100
0100
0100
0000
0000
0000
0000
0000
0e00
0500
0600
0600
0400
0700
1000
0b00
1200
0f00
0a00
0600
0200
0200
0300
0000
0000
0000
0000
0000
0d00
0600
0700
0a00
0500
0500
0800
0d00
0f00
0600
0400
0100
0100
0200
0100
0000
0000
0000
0000
0000
1000
0300
0700
0900
0700
0d00
0e00
0a00
0e00
0c00
0800
0600
0100
0200
0100
0000
0000
0000
0000
0000
1300
0900
0600
0700
0300
0b00
0a00
0900
1000
1000
0700
0300
0100
0200
0100
0000
0000
0000
0000
0000
1400
0800
0800
0700
0400
0700
0a00
0b00
0c00
0d00
0600
0200
0200
0400
0200
0000
0000
0000
0000
0000
1200
0500
0800
0400
0500
0700
0f00
0b00
0c00
1100
0900
0500
0300
0300
0100
0000
0000
0000
0000
0000
1700
0300
0500
0700
0600
0900
1600
0f00
0f00
0e00
0700
0200
0200
0400
0200
0000
0000
0000
0000
0000
1200
0500
0c00
0800
0700
0d00
1200
0f00
1400
0d00
0700
0300
0200
0300
0200
0000
0000
0000
0000
0000
0e00
0700
0a00
0a00
0300
0500
1500
0e00
0f00
1000
0800
0400
0400
0300
0100
0100
0000
0000
0000
0000
1700
0700
0800
0800
0500
0e00
1200
0f00
0800
0700
0500
0100
0300
0300
0000
0000
0000
0000
0000
0000
0f00
0400
0500
0c00
0900
0b00
1700
0800
0e00
0e00
0500
0200
0300
0100
0100
0000
0000
0000
0000
0000
0900
0700
0700
0d00
0500
0a00
0d00
0a00
0b00
0b00
0600
0300
0200
0400
0300
0000
0000
0000
0000
0000
