1100
1c00
1900
0800
0400
0300
0c00
1000
1c00
1800
1c00
1200
0b00
0900
0600
0900
0600
0900
0900
0400
0900
1300
1a00
0500
0300
0500
0400
0900
0e00
0c00
0e00
0f00
0900
0600
0300
0400
0200
0400
0b00
0400
0d00
0f00
0900
0300
0400
0300
0c00
0e00
0f00
0b00
0d00
0800
0600
0400
0300
0400
0400
0400
0400
0200
0800
1400
1500
0700
0500
0900
1200
1800
1b00
1500
1800
1100
0d00
0e00
0700
0a00
0500
0800
0a00
0300
0f00
1800
1000
0400
0400
0600
0700
0d00
1000
1000
1100
0600
0200
0300
0300
0100
0100
0300
0700
0200
0700
0d00
0c00
0300
0400
0900
0d00
0800
0b00
0e00
1000
0b00
0700
0500
0300
0400
0300
0500
0400
0400
0e00
1300
0d00
0300
0400
0600
0800
0f00
1c00
1000
1900
1200
0700
0b00
0800
0700
0600
0700
0800
0500
0d00
0c00
0c00
0400
0200
0600
0900
0800
0700
0b00
0d00
0600
0200
0400
0300
0200
0300
0800
1000
0200
1600
0c00
0b00
0500
0700
0400
1000
0a00
0f00
1400
1700
0c00
0b00
0800
0400
0400
0300
0300
0500
0300
0d00
1e00
1f00
0400
0200
0400
0c00
0e00
1100
1e00
1c00
1500
0700
0b00
0b00
0900
0400
0500
0b00
0500
0900
0e00
1000
0300
0300
0800
0900
0600
0c00
0600
0400
0700
0500
0300
0300
0500
0500
0800
0c00
0300
0b00
1400
1700
0500
0400
0400
0800
0b00
1500
1500
1d00
1400
1100
0b00
0300
0900
0400
0800
0800
0400
0700
0a00
1200
0600
0300
0300
0a00
0f00
1a00
1f00
1600
1200
0900
0900
0600
0600
0300
0700
1200
0400
0800
1400
1b00
0400
0600
0500
0600
0600
0a00
0b00
0b00
0600
0400
0600
0300
0700
0600
0d00
0e00
0300
0d00
1900
0c00
0700
0200
0700
0e00
1800
1500
1300
1a00
2300
0d00
0d00
0600
0900
0500
0500
0900
0500
0b00
1500
1600
0400
0300
0500
0a00
0700
0900
0900
1100
0e00
0600
0800
0500
0500
0200
0600
1100
0500
0600
1c00
0f00
0700
0300
0600
0b00
0600
0c00
1000
0f00
0800
0700
0800
0100
0600
0800
0700
0800
0400
1100
1300
0d00
0700
0800
0500
0900
0800
1f00
2d00
2600
1700
0f00
1000
0b00
0900
0600
0700
0a00
0600
0900
0e00
1000
0500
0300
0400
0600
0300
0500
0b00
0800
0600
0500
0500
0500
0300
0200
0600
0900
0300
0d00
1400
0f00
0600
0300
0500
0600
0400
0e00
1700
1200
0a00
0500
0600
0400
0600
0600
0600
0500
0300
