0a00
0f00
1f00
1400
1100
1d00
4e00
5b00
7000
2700
2900
1d00
1000
1400
1100
0800
0200
0300
0200
0100
0500
1800
1f00
1f00
1900
2200
3000
5a00
8300
3400
1a00
1200
1600
1400
0c00
0400
0100
0300
0000
0100
0900
1200
1900
1500
2100
1c00
2a00
2a00
6a00
3500
2000
1a00
1c00
1800
0c00
0400
0100
0300
0100
0100
0700
0f00
2500
1800
0f00
1a00
3a00
2f00
2b00
3d00
2700
1500
1300
1200
0d00
0500
0100
0300
0100
0100
0a00
1200
1a00
1100
1300
1900
2900
3900
4200
3c00
2e00
1a00
1100
0f00
0e00
0500
0200
0400
0000
0100
0900
1200
1a00
1c00
1600
2400
5e00
5100
5a00
3800
1d00
1500
1500
1500
1100
0400
0200
0200
0100
0100
0c00
1100
2300
1f00
1200
2f00
6600
3c00
4e00
3a00
2800
1400
1a00
1300
1200
0400
0200
0300
0100
0100
0800
1500
2d00
1200
1100
1e00
4600
3100
2600
3800
3400
1c00
1000
0f00
0d00
0600
0100
0300
0100
0000
0500
0f00
2a00
1a00
1700
2100
4a00
3700
4800
3200
2800
1700
1000
1700
1100
0700
0300
0300
0100
0000
0700
1400
1900
1a00
1800
2700
5700
3f00
3a00
3b00
1f00
1900
1500
1000
0d00
0600
0200
0300
0000
0000
0c00
1400
1700
1100
1000
1900
5c00
5200
5c00
3a00
2d00
2000
2000
2000
0d00
0400
0100
0400
0100
0100
0700
0c00
1700
1600
1500
3300
3d00
2b00
3c00
3c00
2e00
1a00
1f00
1300
0d00
0600
0400
0300
0200
0200
0b00
1100
1d00
1900
1500
1b00
6c00
4e00
2b00
2600
3300
2800
1e00
1b00
1100
0700
0200
0300
0100
0000
0a00
1100
3300
2300
0c00
2400
3800
3800
4a00
3e00
5200
2600
1100
1500
1000
0600
0200
0400
0100
0100
0800
2100
3300
2800
1e00
3600
7c00
6300
4000
5c00
4f00
2100
1600
1800
1000
0600
0300
0400
0100
0100
0c00
1300
1d00
1d00
1c00
2600
3400
2a00
4400
4f00
3d00
1c00
1700
1400
1000
0600
0200
0500
0000
0100
0c00
1700
2b00
2000
1500
2400
7f00
5e00
4700
4500
3800
3000
1a00
1500
1200
0800
0200
0500
0200
0200
0800
1600
1c00
1900
1500
2100
2c00
4100
3600
4b00
3f00
2c00
1e00
1600
0f00
0500
0200
0300
0100
0100
0800
1200
4800
3600
1800
3200
5e00
6600
5500
4b00
4000
2c00
2800
1c00
1900
0800
0300
0400
0200
0300
0c00
1600
2c00
2700
1f00
3100
6b00
3b00
4c00
4c00
3600
1d00
2a00
1d00
0e00
0800
0300
0700
0300
0300
