0900
1500
1200
0f00
0c00
0700
1300
0a00
0900
0100
0100
0000
0000
0000
0000
0000
0000
0000
0000
0000
0d00
1100
1800
0f00
0b00
0500
0600
0d00
0b00
0400
0300
0000
0000
0100
0100
0000
0000
0000
0000
0000
0d00
1500
1d00
1400
0900
0700
0700
0600
0600
0700
0300
0000
0100
0000
0000
0000
0000
0000
0000
0000
0d00
1800
1900
2500
0c00
0700
0b00
0c00
0900
0100
0100
0100
0000
0000
0000
0000
0000
0000
0000
0000
0b00
1500
1200
1a00
0e00
0a00
1500
0c00
0a00
0500
0400
0100
0000
0000
0000
0000
0000
0000
0000
0000
1200
1700
0f00
1400
0900
0600
1000
0a00
0f00
0500
0400
0100
0000
0000
0000
0000
0000
0000
0000
0000
0b00
1f00
2900
2100
0e00
0600
0b00
0800
0800
0400
0200
0000
0000
0100
0100
0000
0000
0000
0000
0000
0a00
1900
2200
1300
0500
0500
0d00
0a00
0800
0300
0200
0100
0000
0100
0100
0000
0000
0000
0000
0000
0c00
1c00
2600
1100
0a00
0400
0800
0800
0800
0500
0200
0000
0000
0000
0100
0000
0000
0000
0000
0000
0e00
2600
1400
1000
0900
0800
0600
0700
0900
0600
0500
0300
0200
0200
0100
0000
0000
0000
0000
0000
0700
1600
1700
1400
0900
0900
0d00
0600
0400
0100
0000
0100
0100
0000
0000
0000
0000
0000
0000
0000
0900
0e00
1500
1000
0800
0500
0500
0600
0400
0500
0600
0100
0000
0000
0000
0000
0000
0000
0000
0000
0800
1900
2700
0b00
0600
0300
0700
0200
0100
0300
0200
0000
0000
0000
0000
0000
0000
0000
0000
0000
0b00
1400
1300
1100
0b00
0800
0800
0700
0400
0300
0400
0200
0000
0000
0000
0000
0000
0000
0000
0000
0a00
1500
2300
0b00
0d00
0400
0700
0600
0600
0600
0500
0500
0200
0100
0000
0000
0000
0000
0000
0000
0700
0e00
1e00
0a00
0600
0a00
1300
0600
0700
0e00
1100
0900
0800
0100
0100
0100
0000
0000
0000
0000
0500
0f00
1500
0b00
0900
0600
0c00
0c00
0f00
1000
1100
0a00
0700
0100
0000
0000
0000
0000
0000
0000
0900
0900
0b00
0700
0900
0c00
0c00
0900
0900
1000
0f00
0700
0600
0100
0100
0000
0000
0000
0000
0000
0800
0600
0900
0c00
0b00
0500
0e00
0900
1100
0a00
0a00
0400
0200
0400
0300
0100
0000
0000
0000
0000
0800
0d00
0c00
0500
0700
0900
0600
0a00
1000
0c00
0d00
0500
0300
0200
0100
0100
0000
0000
0000
0000
