0e00
0e00
1200
0900
0100
0400
0600
0200
0300
0500
0200
0100
0100
0000
0000
0000
0000
0000
0000
0000
1a00
0f00
1900
0900
0300
0400
0600
0300
0700
0400
0200
0000
0000
0000
0000
0000
0000
0000
0000
0000
1500
1b00
0f00
0b00
0100
0200
0400
0300
0400
0300
0100
0000
0100
0000
0000
0000
0000
0000
0000
0000
1200
1100
1300
0a00
0200
0300
0500
0400
0400
0500
0100
0100
0000
0100
0000
0000
0000
0000
0000
0000
1000
1800
1100
0a00
0400
0400
0600
0400
0400
0300
0100
0000
0000
0000
0000
0000
0000
0000
0000
0000
1200
1f00
1600
0b00
0300
0200
0200
0400
0700
0300
0200
0000
0000
0100
0000
0000
0000
0000
0000
0000
1400
1200
1000
0800
0100
0200
0300
0400
0200
0200
0100
0000
0000
0000
0000
0000
0000
0000
0000
0000
1a00
1f00
1400
0e00
0500
0400
0600
0200
0300
0200
0300
0100
0000
0000
0000
0000
0000
0000
0000
0000
1600
1800
1700
0900
0400
0400
0700
0400
0700
0400
0300
0100
0000
0000
0000
0000
0000
0000
0000
0000
1100
1100
1000
0900
0100
0200
0200
0700
0600
0500
0300
0100
0000
0000
0000
0000
0000
0000
0000
0000
1600
1a00
1900
0700
0300
0200
0400
0600
0800
0200
0100
0100
0000
0100
0000
0000
0000
0000
0000
0000
1900
1c00
1400
0e00
0200
0200
0300
0400
0400
0300
0200
0000
0000
0100
0000
0000
0000
0000
0000
0000
1600
1900
2100
0b00
0400
0400
0300
0300
0500
0200
0100
0100
0000
0000
0000
0000
0000
0000
0000
0000
1500
1500
1100
0800
0300
0400
0800
0500
0400
0300
0000
0000
0000
0100
0000
0000
0000
0000
0000
0000
1600
1900
1800
0c00
0200
0400
0600
0300
0600
0100
0100
0000
0000
0000
0000
0000
0000
0000
0000
0000
1600
1500
1100
0b00
0200
0200
0500
0800
0600
0500
0200
0000
0100
0000
0000
0000
0000
0000
0000
0000
1100
1300
1600
0900
0300
0400
0200
0300
0600
0400
0200
0100
0000
0100
0000
0000
0000
0000
0000
0000
1900
1200
1300
0800
0300
0400
0500
0700
0500
0400
0200
0100
0000
0100
0000
0000
0000
0000
0000
0000
1200
1400
1300
0b00
0200
0600
0500
0400
0500
0600
0200
0100
0100
0000
0000
0000
0000
0000
0000
0000
1500
1400
0f00
0a00
0300
0400
0400
0100
0300
0500
0200
0000
0000
0100
0000
0000
0000
0000
0000
0000
