0800
2b00
1400
1300
1700
1700
1b00
1000
1400
2900
2500
1200
0800
0e00
1200
1700
0a00
1100
0500
0a00
0e00
2300
2600
1400
1300
1400
1200
1000
1100
2400
3a00
1800
0f00
1f00
1300
0e00
0700
0800
0300
0700
0e00
2c00
2900
0d00
1700
1b00
1b00
1100
1100
2d00
3700
1300
0e00
1500
1b00
1900
0b00
0700
0500
0700
0900
2e00
1b00
1300
2300
1500
0e00
0d00
1a00
3500
4100
1c00
0f00
1100
1500
0d00
0800
0a00
0400
0600
0800
2000
1400
1500
2600
1300
1400
0f00
1b00
3800
2d00
1a00
0e00
1100
0f00
0a00
0800
0700
0300
0600
0d00
3300
1f00
0b00
0e00
0c00
0c00
1100
1300
2800
2400
0f00
0c00
1500
1100
1000
0900
0b00
0800
0800
0c00
1c00
1c00
2b00
1100
1200
1200
0b00
1500
2100
2c00
1700
1500
1200
1400
1500
0800
0a00
0400
0500
1400
2500
1f00
1600
0f00
1300
1200
0c00
1700
1a00
1a00
0d00
0a00
1100
0e00
0d00
0500
0600
0400
0500
0900
2d00
3500
1400
1600
1300
1e00
0f00
1b00
3a00
2800
1500
0f00
0f00
1400
0f00
0700
0600
0800
0700
0c00
2100
1e00
1800
1100
1500
1800
0e00
1200
2b00
3100
1400
0b00
0f00
0e00
0b00
0500
0400
0500
0800
0800
2200
1c00
1100
1400
1b00
1700
0a00
1a00
2e00
2a00
1300
0800
0f00
0f00
0c00
0500
0600
0500
0900
1300
3c00
2300
1500
1800
0f00
1700
0800
1000
2300
2800
1200
0b00
0c00
0e00
1100
0400
0700
0500
0a00
1600
1a00
1200
0e00
0f00
1600
1c00
0900
1600
3900
1d00
1200
0900
0e00
0900
0e00
0600
0600
0500
0900
1500
2a00
1d00
1600
1400
1500
1500
0a00
1f00
2100
2100
1b00
1200
1200
1100
1a00
0800
0c00
0600
0800
1600
2c00
1a00
0c00
1b00
1900
1b00
1a00
3b00
5000
4600
1700
1500
1100
0f00
1100
0600
0900
0700
0600
1300
2900
2700
1500
1700
1400
0d00
0800
1f00
3200
3200
0e00
0c00
1100
0f00
0800
0400
0500
0400
0400
1000
2900
2500
1b00
1c00
1600
2500
1700
2c00
3d00
4a00
1e00
1000
0d00
0f00
1100
0600
0700
0400
0700
0b00
2500
1800
1600
2400
1300
1e00
0e00
1800
3200
2e00
1600
0e00
1700
0f00
0d00
0900
0600
0300
0900
1000
2000
1800
0d00
1700
1000
1e00
1000
1b00
5100
3900
1600
1200
0c00
0d00
0c00
0500
0400
0400
0700
1700
2500
2e00
1a00
2100
1100
2500
1700
4100
3d00
2c00
1d00
1000
1600
1600
1000
0500
0700
0400
0700
1300
2700
1a00
1000
2400
1400
1900
1200
2900
2400
3c00
1500
0d00
1600
1100
0a00
0400
0600
0400
0700
1100
2900
1d00
0900
1400
1200
1a00
1200
1f00
3200
4800
1300
0c00
1300
1700
1700
0a00
0800
0400
0600
1b00
2100
1800
1700
2800
1100
1200
0e00
1f00
2e00
2700
1400
1600
1700
1900
1500
0700
0600
0300
0600
1100
2a00
2100
1300
1800
1a00
1f00
0e00
1400
1c00
2500
1200
0d00
1700
1300
1100
0700
0300
0400
0400
1500
2d00
1900
1500
2000
1c00
2000
0e00
1400
3b00
3600
1800
1200
1400
1c00
1a00
0a00
0500
0600
0600
0d00
1800
1a00
1300
1b00
1800
1200
0a00
2100
3500
3300
0e00
0f00
0d00
0d00
0c00
0500
0300
0200
0200
1400
2200
1700
0a00
0d00
1600
1200
0800
1b00
2100
2200
0f00
0b00
0c00
0e00
0a00
0500
0400
0500
0500
1000
3800
3100
1400
1600
0c00
1000
0d00
1a00
3700
3900
1100
0b00
0d00
1200
0c00
0400
0200
0300
0400
1600
1900
1500
0b00
0a00
1a00
1b00
1900
2600
2b00
2a00
1400
0c00
0c00
0e00
0c00
0400
0300
0300
0500
1200
1e00
1b00
1200
1200
2300
2900
0f00
1400
2600
2500
1300
1a00
1100
1100
1000
0500
0200
0400
0500
1b00
3400
2700
1100
1600
0a00
1f00
0e00
2400
3600
3400
2200
1000
1300
0f00
0a00
0500
0300
0300
0500
0e00
2400
1300
0b00
1700
1600
1d00
0c00
2500
3500
1f00
1700
0f00
0d00
0900
0900
0600
0200
0200
0300
0900
3200
2700
1300
1700
1200
0f00
1100
2000
3200
3000
1a00
0e00
0d00
0800
0600
0300
0100
0400
0500
1400
1800
1100
1600
2400
1000
2300
0d00
1200
1b00
1300
1400
0d00
0b00
0b00
0900
0300
0200
0300
0200
1200
2d00
2c00
1100
1700
1300
1800
1100
2b00
3c00
2900
1400
0f00
0d00
0c00
0700
0300
0300
0700
0500
1000
2900
1800
1000
1d00
1300
1c00
0e00
2b00
4100
3500
1f00
1300
1100
1400
0700
0600
0300
0400
0400
0e00
1b00
1c00
0c00
1300
0f00
1700
1000
2300
3700
3000
1500
0e00
0c00
0f00
0a00
0700
0400
0400
0500
1200
3100
1a00
0f00
1d00
1f00
2500
1000
1800
3c00
4400
2000
1500
1500
0f00
0d00
0800
0400
0300
0700
0c00
1d00
1800
1500
1c00
1200
1900
0f00
2500
4400
3600
1f00
1400
0a00
1000
0a00
0800
0400
0300
0500
1600
1d00
1c00
1600
1500
0f00
1100
0d00
1200
3000
2c00
1900
1000
0f00
0e00
0a00
0800
0600
0300
0400
0900
2500
1900
1300
2400
1700
1800
1100
2200
3000
2f00
1300
1300
1100
0d00
0a00
0500
0400
0300
0400
0d00
2300
1900
0b00
1400
1c00
1200
0a00
1300
2c00
2600
1500
1100
0c00
1000
0c00
0400
0200
0400
0500
1200
2f00
2300
1100
1000
0900
1000
0600
1600
2500
2300
1800
1400
1700
0d00
0b00
0700
0300
0400
0500
1600
2d00
2500
1100
1600
1800
1600
0e00
2600
4800
4900
1d00
1400
1200
1200
0700
0600
0400
0200
0300
0a00
2100
3500
1400
1900
1500
1300
0c00
1a00
2700
2100
1b00
1100
1100
1200
0e00
0600
0400
0200
0300
0c00
3a00
4500
1800
2000
1a00
1300
1000
2a00
3700
2800
1000
1400
0d00
0d00
0e00
0600
0400
0200
0600
0900
1f00
1a00
1400
1900
1800
0900
0f00
2500
3000
3900
1c00
0f00
0f00
0d00
0900
0600
0500
0400
0300
1200
1e00
1300
1000
1500
1500
0e00
0900
1500
4400
3800
1700
1400
1900
1300
1500
0600
0400
0300
0600
1000
2300
1e00
0e00
1000
1a00
2000
0c00
2200
3f00
3a00
1e00
2100
1f00
1400
1100
0c00
0700
0300
0600
1300
2e00
3100
0f00
1500
1300
1700
0f00
2b00
5400
4a00
1b00
1600
1400
1100
0d00
0500
0400
0200
0300
1400
2b00
2400
0f00
2000
1e00
1b00
0f00
2200
2b00
2900
1000
1400
1500
0c00
0b00
0800
0300
0300
0600
1800
2300
1a00
1100
2100
1800
1700
1100
2300
5400
4100
1600
0f00
1400
0d00
0d00
0800
0400
0100
0300
1300
2200
1a00
1300
2400
1500
1000
1000
2400
4f00
3f00
1600
1200
1800
1000
0d00
0b00
0500
0300
0500
1000
2a00
1f00
1000
2400
1300
1700
1100
2200
3200
3500
1200
1000
1500
0f00
0b00
0c00
0400
0200
0400
0c00
2600
3300
1300
2300
1b00
0b00
1000
2500
4400
2d00
1100
0f00
2000
1900
0d00
0c00
0600
0200
0500
0a00
2500
1c00
1300
2200
1000
1a00
1100
2600
3d00
2f00
1200
0a00
1e00
1000
0a00
0800
0300
0200
0400
0b00
2400
2d00
1100
1d00
2000
1900
1800
3100
3700
2e00
1800
1300
1a00
1400
0a00
0400
0400
0500
0500
1500
1a00
1300
1600
1300
1600
2500
1300
3600
5500
5200
1b00
1400
1600
0e00
0600
0700
0500
0300
0500
1500
1a00
1e00
0f00
1800
1000
0d00
0d00
2200
2800
3d00
1e00
1100
2200
1500
0a00
0500
0500
0500
0400
0c00
2e00
2800
0e00
1900
1600
1c00
0e00
2900
3400
3700
1d00
1100
1c00
1200
0700
0700
0300
0300
0200
1500
1a00
2300
0c00
1100
1400
2800
1500
2100
3400
2e00
1600
1300
1b00
1100
0600
0500
0200
0200
0200
1600
2500
2900
1200
0f00
0f00
1100
0d00
3200
5400
4900
1f00
1200
1f00
0f00
0600
0700
0600
0400
0300
0a00
1f00
1800
1300
1d00
1300
2400
1000
1b00
4800
3100
1800
1700
1a00
0b00
0600
0500
0300
0200
0200
0e00
2200
1f00
0b00
0d00
1200
1a00
1200
2700
2000
2000
1700
1400
1000
0c00
0800
0600
0400
0200
0200
1300
1f00
3d00
3900
1700
1000
2e00
1700
1a00
0f00
1800
1000
0a00
0c00
0b00
0300
0100
0100
0000
0000
1000
1800
2800
1b00
1c00
1a00
2000
1400
1500
1e00
1900
0b00
0800
0b00
0500
0200
0100
0100
0000
0000
0b00
1b00
3200
2b00
1300
1800
1300
1200
1f00
0e00
1100
0b00
0700
0b00
0700
0200
0000
0000
0000
0000
0d00
2a00
2600
1d00
1100
1100
2200
1a00
1500
1500
0e00
1400
0a00
0f00
0700
0300
0100
0100
0000
0000
1100
1700
2400
1a00
1700
0c00
2000
1800
1b00
1a00
1900
1100
0d00
0900
0500
0200
0000
0100
0000
0000
0800
1a00
2400
1c00
2300
1500
0f00
1a00
2400
1600
0e00
0900
0c00
1200
0800
0300
0000
0100
0000
0000
0e00
1b00
3b00
1b00
1a00
2300
2600
1b00
2200
1800
1500
0e00
0e00
0e00
0900
0300
0200
0000
0000
0000
0900
1900
4300
2700
1800
1100
2500
1b00
1600
1800
1b00
0c00
0f00
1300
0600
0100
0100
0100
0000
0000
0f00
2b00
2c00
3600
2200
1b00
2500
2700
1800
1800
1100
0d00
1200
1000
0500
0600
0100
0000
0000
0000
0a00
1f00
3300
2c00
3a00
1c00
3c00
2300
1f00
2200
1a00
1300
1100
0e00
0700
0400
0100
0000
0000
0000
0b00
1e00
2700
2c00
1f00
1400
1900
2300
2200
1500
1000
0c00
0d00
0e00
0700
0300
0100
0000
0000
0000
0a00
1f00
3400
3800
2500
1000
2300
2400
2000
1900
1a00
1300
1400
0d00
0700
0500
0200
0200
0000
0000
1400
1e00
3200
2000
1e00
1f00
3700
1b00
2200
1c00
1100
0c00
1000
0b00
0600
0300
0100
0000
0000
0000
1300
1200
3900
4700
1d00
1700
1b00
1f00
1700
0f00
0a00
0600
0c00
0800
0500
0300
0000
0100
0000
0000
1400
1c00
2c00
3900
3000
1500
3100
3900
1f00
1200
0f00
0900
0400
0700
0500
0200
0000
0000
0000
0000
1100
2b00
2b00
3500
3600
2300
2900
1300
1600
1e00
0e00
0700
0200
0600
0500
0300
0100
0000
0000
0000
0700
2e00
2d00
2c00
2000
1d00
2200
1f00
2800
1700
0f00
0700
0500
0600
0700
0500
0100
0000
0000
0000
1200
2800
3200
2b00
2500
1f00
3600
3200
2e00
1300
0d00
0900
0700
0800
0700
0500
0100
0100
0000
0000
0a00
1a00
3d00
2900
1a00
1a00
2a00
2700
2400
2000
0a00
0500
0700
0300
0400
0400
0100
0000
0000
0000
1300
2500
4e00
4300
4100
1f00
3600
1a00
2d00
2600
1500
0700
0400
0600
0400
0300
0100
0100
0000
0000
0700
1f00
3800
3200
1d00
1f00
3600
3300
2000
1f00
1200
0600
0200
0500
0400
0300
0100
0100
0000
0000
0900
2700
3000
2400
1700
1500
2400
2700
3600
2100
1400
0c00
0500
0500
0500
0200
0100
0200
0000
0000
0d00
1f00
2500
2400
1700
1900
2700
2900
3500
2800
1d00
0e00
0300
0200
0200
0200
0100
0200
0000
0000
1000
1300
2500
3200
2600
1d00
2200
2200
2000
3000
1e00
0a00
0200
0400
0400
0100
0100
0100
0000
0000
1300
1500
4700
3900
1b00
2100
3f00
3600
2b00
2600
1700
0700
0400
0100
0300
0300
0000
0000
0000
0000
0f00
1400
2d00
2700
1800
2100
4400
2d00
3d00
2b00
1700
0a00
0600
0200
0300
0100
0000
0000
0000
0000
1500
1300
3100
2b00
2700
1500
2000
2600
1e00
3300
1400
0600
0400
0200
0200
0300
0000
0000
0000
0000
1600
1f00
4000
4100
2d00
2700
3d00
4500
3200
1900
0900
0500
0300
0600
0300
0100
0100
0000
0000
0000
1300
1300
2b00
2400
2a00
2b00
2300
2700
4000
2a00
1b00
0a00
0400
0500
0400
0100
0000
0100
0000
0000
1700
1300
2e00
3100
2300
2000
3300
2f00
2600
1600
0d00
0a00
0600
0500
0300
0100
0000
0100
0000
0000
1a00
2500
2b00
3200
2900
2600
3b00
2b00
2d00
2a00
1d00
0b00
0200
0200
0200
0200
0000
0000
0000
0000
1100
2000
1d00
1f00
2200
1900
1900
1b00
1800
2e00
1600
0900
0400
0300
0200
0000
0000
0100
0000
0000
0f00
1600
2700
2600
3600
1700
2300
2700
3400
2700
1600
0900
0500
0500
0300
0100
0000
0000
0000
0000
1600
1e00
3700
3500
2400
0c00
1c00
2000
2300
3d00
1e00
0b00
0600
0400
0200
0100
0000
0000
0000
0000
1600
1400
2800
2700
1c00
2000
2b00
2b00
3200
2500
1800
0a00
0300
0200
0200
0100
0000
0000
0000
0000
2500
1800
4d00
4000
2700
1f00
3200
3700
2800
3300
2500
0e00
0600
0300
0200
0100
0000
0000
0000
0000
1100
1d00
2b00
3300
2700
1400
2900
3100
2e00
3300
3000
1200
0600
0500
0200
0200
0100
0100
0000
0000
1f00
1c00
1a00
1a00
1f00
1f00
4300
2100
2300
2600
1f00
0800
0400
0400
0100
0000
0000
0000
0000
0000
