1000
1900
0b00
0400
0200
0200
0300
0300
0200
0400
0200
0000
0000
0000
0000
0000
0000
0000
0000
0000
0d00
1400
0600
0600
0300
0100
0200
0200
0200
0200
0100
0000
0000
0000
0000
0000
0000
0000
0000
0000
1300
1000
0c00
0700
0300
0000
0200
0300
0200
0300
0100
0100
0000
0000
0000
0000
0000
0000
0000
0000
1300
1700
0600
0200
0000
0000
0400
0600
0500
0100
0200
0100
0000
0000
0000
0000
0000
0000
0000
0000
0a00
1300
0b00
0800
0200
0100
0200
0300
0300
0200
0200
0000
0000
0000
0000
0000
0000
0000
0000
0000
0c00
1500
0400
0400
0300
0000
0200
0100
0400
0400
0200
0100
0000
0000
0000
0000
0000
0000
0000
0000
0f00
1300
0700
0600
0200
0100
0200
0200
0300
0200
0200
0000
0000
0000
0000
0000
0000
0000
0000
0000
1600
1b00
0c00
0200
0200
0200
0100
0200
0200
0200
0200
0100
0000
0000
0000
0000
0000
0000
0000
0000
1000
1900
0b00
0300
0100
0000
0000
0100
0200
0300
0100
0000
0000
0000
0000
0000
0000
0000
0000
0000
1000
1500
0b00
0300
0100
0100
0200
0100
0000
0000
0000
0000
0000
0000
0000
0000
0000
0000
0000
0000
0e00
1100
0900
0600
0300
0000
0300
0400
0400
0500
0200
0000
0000
0000
0000
0000
0000
0000
0000
0000
0d00
1000
0900
0500
0200
0100
0400
0300
0200
0200
0300
0100
0000
0000
0000
0000
0000
0000
0000
0000
0c00
1100
0400
0400
0200
0100
0300
0300
0500
0400
0200
0000
0000
0000
0000
0000
0000
0000
0000
0000
1400
1100
0a00
0500
0300
0200
0500
0600
0400
0100
0100
0000
0000
0000
0000
0000
0000
0000
0000
0000
0a00
1200
0400
0400
0100
0000
0200
0500
0400
0100
0000
0000
0000
0000
0000
0000
0000
0000
0000
0000
0d00
1900
0c00
0700
0200
0200
0600
0800
0200
0300
0300
0000
0000
0000
0000
0000
0000
0000
0000
0000
1300
1700
1200
0a00
0400
0100
0800
0a00
0800
0400
0200
0100
0000
0000
0000
0000
0000
0000
0000
0000
1300
1900
0c00
0600
0400
0200
0500
0600
0100
0200
0300
0200
0000
0000
0000
0000
0000
0000
0000
0000
1800
1700
1300
0900
0500
0300
0a00
0600
0200
0400
0300
0100
0100
0000
0000
0000
0000
0000
0000
0000
1400
1800
1200
0600
0400
0200
0300
0700
0500
0200
0200
0000
0100
0100
0000
0100
0000
0000
0000
0000
0900
1600
0d00
0500
0300
0300
0800
0500
0300
0200
0100
0200
0100
0100
0000
0000
0000
0000
0000
0000
1300
2100
1200
0600
0500
0400
0400
0300
0200
0300
0400
0100
0000
0100
0100
0200
0000
0000
0000
0000
0d00
1200
0f00
0800
0600
0200
0700
0a00
0700
0100
0300
0100
0000
0000
0000
0000
0000
0000
0000
0000
0b00
1700
0f00
0700
0400
0200
0300
0700
0400
0300
0500
0200
0100
0100
0100
0000
0000
0000
0000
0000
0c00
1400
0900
0600
0300
0200
0800
0700
0400
0300
0300
0100
0000
0000
0000
0000
0000
0000
0000
0000
0f00
0d00
1500
0500
0200
0300
0a00
0600
0400
0400
0400
0200
0100
0000
0100
0100
0000
0000
0000
0000
1300
1800
0f00
0a00
0400
0400
0b00
0600
0600
0300
0200
0100
0000
0000
0000
0000
0000
0000
0000
0000
1100
1a00
1800
0600
0300
0300
0c00
0500
0500
0400
0300
0400
0200
0200
0000
0000
0000
0000
0000
0000
1500
1c00
0f00
0500
0200
0400
0700
0600
0500
0300
0100
0200
0100
0000
0000
0000
0000
0000
0000
0000
1500
1900
1800
0800
0300
0400
0800
0200
0300
0300
0500
0200
0000
0100
0100
0100
0000
0000
0000
0000
0800
1100
0e00
0500
0200
0400
0800
0800
0800
0500
0300
0000
0000
0000
0000
0000
0000
0000
0000
0000
1000
1900
0e00
0700
0400
0300
0a00
0700
0600
0500
0400
0200
0300
0200
0100
0200
0000
0000
0000
0000
1000
1900
1400
0700
0300
0200
0800
0b00
0800
0500
0300
0000
0000
0000
0000
0000
0000
0000
0000
0000
1700
2200
1600
0500
0600
0500
0a00
0600
0300
0300
0400
0200
0000
0100
0000
0100
0000
0000
0000
0000
1300
1c00
0800
0500
0300
0000
0700
0b00
0400
0500
0500
0200
0000
0000
0000
0000
0000
0000
0000
0000
1600
2a00
1500
0e00
0500
0600
0700
0800
0800
0200
0300
0200
0000
0100
0000
0100
0000
0000
0000
0000
1000
2800
0f00
0900
0400
0500
0b00
0900
0700
0300
0300
0100
0000
0000
0000
0000
0000
0000
0000
0000
0e00
2000
1100
0900
0500
0800
0600
0800
0b00
0500
0400
0100
0000
0000
0000
0100
0000
0000
0000
0000
1100
3200
1d00
0a00
0400
0600
0800
0a00
0700
0300
0200
0200
0000
0000
0000
0000
0000
0000
0000
0000
1100
1d00
1200
0800
0700
0800
0e00
0800
0500
0900
0400
0100
0100
0100
0100
0000
0000
0000
0000
0000
1100
2700
0800
0500
0500
0300
0a00
0400
0400
0600
0500
0100
0000
0000
0000
0000
0000
0000
0000
0000
0f00
1c00
0f00
0500
0500
0600
0900
0700
0a00
0400
0300
0200
0100
0000
0000
0000
0000
0000
0000
0000
1400
3300
0800
0700
0300
0300
0600
0500
0600
0500
0700
0200
0000
0200
0000
0000
0000
0000
0000
0000
1200
3300
1000
0800
0400
0600
0b00
0800
0900
0300
0100
0200
0000
0100
0000
0000
0000
0000
0000
0000
1200
1900
0700
0800
0700
0600
0e00
0800
0a00
0600
0400
0100
0100
0100
0100
0100
0000
0000
0000
0000
1200
1e00
1300
0800
0400
0100
0c00
0900
0500
0400
0200
0100
0000
0100
0000
0000
0000
0000
0000
0000
1200
2f00
0c00
0900
0500
0400
0b00
0700
0b00
0400
0300
0200
0100
0100
0000
0100
0000
0000
0000
0000
0e00
1b00
0f00
0a00
0300
0600
0600
0700
0900
0400
0400
0100
0100
0100
0000
0000
0000
0000
0000
0000
0f00
2200
0d00
0800
0700
0400
0600
0500
0300
0300
0300
0100
0100
0100
0100
0100
0000
0000
0000
0000
1400
2700
0f00
0800
0500
0400
0500
0300
0300
0400
0400
0200
0100
0000
0000
0000
0000
0000
0000
0000
0d00
1700
0d00
0500
0300
0600
1000
0b00
0700
0600
0600
0300
0200
0200
0100
0100
0000
0000
0000
0000
1800
2e00
1100
0900
0400
0500
0b00
0800
0600
0400
0200
0200
0100
0000
0000
0000
0000
0000
0000
0000
1500
2600
0900
0400
0500
0300
1000
0900
0800
0300
0400
0200
0100
0200
0100
0100
0100
0000
0000
0000
0c00
1300
1500
0700
0100
0300
0600
0700
0900
0500
0300
0100
0000
0000
0000
0000
0000
0000
0000
0000
1300
1500
1500
0700
0200
0500
0a00
0600
0400
0200
0200
0200
0000
0100
0000
0000
0000
0000
0000
0000
1300
1600
0e00
0400
0300
0300
0700
0700
0300
0500
0200
0100
0000
0000
0000
0000
0000
0000
0000
0000
1900
1400
1000
0400
0200
0200
0800
0c00
0600
0300
0200
0100
0000
0000
0000
0100
0000
0000
0000
0000
1a00
2000
0b00
0500
0400
0200
0400
0600
0100
0500
0400
0100
0000
0000
0100
0000
0000
0000
0000
0000
1700
1300
0900
0400
0300
0100
0100
0300
0400
0100
0300
0200
0100
0200
0000
0000
0000
0000
0000
0000
0e00
1300
1300
0400
0200
0300
0c00
0500
0500
0400
0500
0300
0000
0000
0000
0000
0000
0000
0000
0000
1b00
1800
0900
0400
0300
0500
0700
0400
0500
0400
0300
0200
0100
0100
0000
0000
0000
0000
0000
0000
0f00
0a00
0d00
0400
0300
0300
0a00
0600
0400
0500
0200
0100
0100
0100
0000
0000
0000
0000
0000
0000
0d00
1400
1500
0c00
0300
0300
0900
0500
0200
0200
0100
0100
0000
0100
0000
0000
0000
0000
0000
0000
1100
1600
0f00
0b00
0200
0400
0800
0500
0700
0300
0300
0200
0000
0000
0000
0000
0000
0000
0000
0000
0900
1900
1200
0600
0500
0300
0900
0600
0800
0300
0200
0000
0000
0000
0000
0000
0000
0000
0000
0000
0b00
0e00
0b00
0800
0200
0200
0c00
0800
0400
0100
0100
0100
0100
0200
0000
0100
0000
0000
0000
0000
0e00
1c00
0e00
0900
0300
0300
0900
0400
0400
0300
0200
0100
0000
0000
0000
0000
0000
0000
0000
0000
0e00
1500
1400
0900
0300
0300
0500
0500
0100
0300
0300
0200
0100
0200
0100
0100
0000
0000
0000
0000
1000
1000
0d00
0300
0100
0100
0600
0700
0500
0300
0200
0000
0000
0000
0000
0000
0000
0000
0000
0000
1300
1100
0900
0500
0500
0700
0a00
0400
0300
0200
0200
0300
0200
0100
0100
0100
0000
0000
0000
0000
1900
1600
0900
0300
0300
0300
0d00
0600
0400
0200
0200
0100
0100
0000
0000
0000
0000
0000
0000
0000
0e00
1a00
0d00
0600
0300
0400
0700
0700
0400
0300
0200
0200
0000
0200
0100
0200
0100
0000
0000
0000
0d00
0e00
0800
0500
0300
0300
0a00
0600
0300
0400
0300
0100
0000
0000
0000
0000
0000
0000
0000
0000
1500
2200
1200
0800
0300
0500
0c00
0400
0400
0300
0400
0200
0100
0100
0000
0200
0000
0000
0000
0000
1400
2000
0a00
0600
0400
0200
0300
0400
0500
0400
0500
0200
0100
0000
0000
0000
0000
0000
0000
0000
1000
0b00
0b00
0700
0400
0200
0c00
0b00
0700
0400
0600
0300
0100
0200
0100
0200
0000
0000
0000
0000
0d00
1f00
0a00
0600
0600
0300
0600
0500
0600
0300
0300
0100
0000
0000
0000
0000
0000
0000
0000
0000
1a00
1f00
0c00
0f00
0200
0600
0a00
0500
0300
0300
0400
0200
0100
0000
0000
0000
0000
0000
0000
0000
1500
2200
0d00
0500
0500
0700
0500
0600
0700
0500
0200
0100
0000
0000
0000
0000
0000
0000
0000
0000
0f00
1a00
0d00
0400
0300
0200
0800
0b00
0800
0900
0300
0100
0000
0200
0000
0200
0000
0000
0000
0000
1100
1800
0600
0b00
0500
0200
0600
0200
0400
0500
0300
0200
0100
0100
0000
0000
0000
0000
0000
0000
0b00
1500
1500
0d00
0d00
0700
0c00
0b00
0800
0500
0300
0100
0100
0100
0000
0000
0000
0000
0000
0000
0b00
1f00
0f00
0600
0400
0400
0500
0700
0500
0400
0100
0000
0000
0000
0000
0000
0000
0000
0000
0000
1000
1f00
0e00
0700
0300
0400
0800
0700
0900
0500
0300
0100
0100
0000
0000
0000
0100
0000
0000
0000
0f00
2300
0b00
0400
0300
0400
0b00
0800
0600
0600
0300
0000
0000
0000
0000
0100
0000
0000
0000
0000
0c00
1800
0a00
0900
0700
0400
0600
0800
0500
0300
0400
0100
0000
0100
0000
0000
0000
0000
0000
0000
1500
3000
1100
0600
0200
0500
0700
0a00
0500
0500
0200
0000
0000
0000
0000
0000
0000
0000
0000
0000
0700
1200
1300
0c00
0400
0300
0500
0700
0600
0700
0300
0100
0100
0000
0000
0000
0000
0000
0000
0000
1000
1500
0f00
0700
0200
0300
0500
0800
0400
0300
0300
0200
0100
0200
0000
0100
0000
0000
0000
0000
0a00
1600
0a00
0700
0200
0200
0600
0800
0400
0300
0200
0100
0000
0000
0000
0000
0000
0000
0000
0000
1000
2c00
1000
0900
0200
0200
0600
0500
0500
0400
0300
0200
0100
0100
0100
0200
0000
0000
0000
0000
1300
2500
0c00
0700
0300
0300
0700
0600
0400
0200
0400
0100
0000
0100
0100
0000
0000
0000
0000
0000
0f00
1900
0f00
0b00
0600
0500
0500
0600
0600
0300
0500
0200
0100
0100
0100
0300
0000
0000
0000
0000
1100
1e00
1400
0400
0300
0700
0a00
0500
0900
0400
0300
0100
0000
0000
0000
0000
0000
0000
0000
0000
0d00
1000
0e00
0700
0300
0300
0400
0200
0700
0500
0500
0100
0100
0200
0100
0200
0000
0000
0000
0000
0c00
1700
1400
0900
0300
0300
0400
0500
0700
0500
0100
0100
0000
0000
0000
0000
0000
0000
0000
0000
1c00
2100
1500
0900
0500
0500
0900
0500
0600
0200
0300
0200
0200
0200
0100
0300
0000
0000
0000
0000
1700
1800
0e00
0700
0300
0500
0600
0400
0500
0200
0100
0000
0000
0100
0000
0000
0000
0000
0000
0000
1800
1200
1200
0800
0500
0500
0900
0c00
0700
0300
0200
0200
0000
0000
0100
0200
0000
0000
0000
0000
1000
2200
1500
0b00
0600
0300
0400
0700
0400
0200
0100
0100
0100
0000
0000
0000
0000
0000
0000
0000
0a00
1e00
1500
0a00
0400
0200
0300
0600
0500
0300
0200
0000
0000
0100
0000
0100
0000
0000
0000
0000
1c00
1600
1500
0700
0500
0300
0600
0800
0a00
0400
0000
0000
0000
0000
0000
0000
0000
0000
0000
0000
